begin                                                          
2023-01-03  58.83  59.35  59.53  58.83  2.681769e+08    4531120
2023-01-04  59.48  59.28  59.48  59.09  1.226333e+08    2070960
2023-01-05  59.36  58.89  59.36  58.58  2.334806e+08    3964010
2023-01-06  58.80  58.83  58.99  58.72  1.043541e+08    1772130
2023-01-09  59.09  59.16  59.25  58.75  3.475728e+08    5887570
2023-01-10  59.28  59.81  59.83  58.87  4.607734e+08    7763120
2023-01-11  59.90  60.75  60.80  59.85  7.400668e+08   12277940
2023-01-12  60.80  60.10  60.86  59.87  5.103683e+08    8473450
2023-01-13  60.05  60.09  60.41  59.77  4.218281e+08    7023410
2023-01-16  60.20  62.52  62.60  60.00  1.817174e+09   29510150
2023-01-17  63.10  61.79  63.68  61.60  2.345916e+09   37352570
2023-01-18  61.92  61.68  62.70  61.10  9.934869e+08   16028880
2023-01-19  61.52  60.30  61.62  59.80  1.715350e+09   28384560
2023-01-20  60.41  60.16  60.62  59.90  6.323624e+08   10513190
2023-01-23  60.49  61.54  61.88  60.09  1.088410e+09   17817580
2023-01-24  61.78  60.70  61.85  60.56  9.334781e+08   15293940
2023-01-25  60.70  60.87  60.93  60.11  4.507084e+08    7451180
2023-01-26  60.92  60.44  61.09  60.22  4.752181e+08    7853530
2023-01-27  60.50  60.78  61.11  60.18  4.718605e+08    7778880
2023-01-30  61.20  61.55  61.69  60.91  6.409807e+08   10455620
2023-01-31  61.68  62.00  62.48  61.56  8.174788e+08   13182260
2023-02-01  62.10  61.73  62.40  61.24  7.707587e+08   12458700
2023-02-02  61.90  61.62  61.94  61.16  5.294598e+08    8598930
2023-02-03  61.55  61.72  61.99  60.85  5.448118e+08    8867240
2023-02-06  61.98  62.55  62.88  61.73  9.490857e+08   15179230
2023-02-07  62.50  62.34  63.41  61.90  7.861549e+08   12584710
2023-02-08  62.44  61.99  62.80  61.30  7.071783e+08   11383330
2023-02-09  62.05  61.78  62.07  61.53  4.022406e+08    6511270
2023-02-10  61.67  61.82  62.06  61.53  2.605981e+08    4213400
2023-02-13  61.82  61.73  62.19  61.61  3.028527e+08    4888880
2023-02-14  61.65  60.39  61.79  59.25  8.817039e+08   14547150
2023-02-15  60.19  58.88  60.19  58.12  8.809258e+08   14857930
2023-02-16  59.07  58.94  59.59  58.53  4.814085e+08    8155960
2023-02-17  58.70  59.39  59.49  58.70  3.415829e+08    5764210
2023-02-20  59.66  59.05  59.88  58.25  1.101047e+09   18673980
2023-02-21  58.90  59.88  60.30  58.81  7.597704e+08   12713610
2023-02-22  60.00  59.95  60.15  59.45  2.625708e+08    4392510
2023-02-24  60.20  59.39  60.80  58.61  1.465139e+09   24663190
2023-02-27  59.10  60.22  60.30  59.01  4.407907e+08    7371170
2023-02-28  60.40  60.52  60.65  60.13  4.387408e+08    7260900
2023-03-01  60.70  61.35  61.53  60.40  6.286148e+08   10271660
2023-03-02  61.35  60.45  61.77  59.96  6.690101e+08   10988710
2023-03-03  60.84  62.18  62.30  60.80  1.800435e+09   29189980
2023-03-06  62.29  61.88  62.82  61.72  7.372653e+08   11846310
2023-03-07  61.71  61.60  61.99  61.30  4.414580e+08    7162570
2023-03-09  61.75  61.50  62.35  61.43  3.228948e+08    5230320
2023-03-10  61.35  61.55  61.74  61.00  2.708183e+08    4410790
2023-03-13  61.63  61.05  62.18  60.60  5.426768e+08    8864140
2023-03-14  61.06  61.35  61.66  60.75  3.343011e+08    5451820
2023-03-15  61.50  60.69  61.70  60.31  5.439298e+08    8941060
2023-03-16  60.65  60.40  60.96  59.88  4.877039e+08    8084680
2023-03-17  60.40  60.80  60.95  60.30  6.606699e+08   10899820
2023-03-20  60.90  63.12  63.23  60.85  1.493349e+09   23968450
2023-03-21  63.40  64.24  65.80  62.85  3.036008e+09   46991020
2023-03-22  64.30  63.79  64.90  63.59  8.722753e+08   13568900
2023-03-23  63.93  63.79  64.10  63.07  7.510047e+08   11811790
2023-03-24  63.79  63.54  63.92  63.21  4.078986e+08    6417990
2023-03-27  63.70  65.44  65.60  63.70  1.304872e+09   20175300
2023-03-28  65.65  64.87  65.90  64.10  7.867744e+08   12132550
2023-03-29  64.99  64.56  65.11  64.21  5.189508e+08    8026010
2023-03-30  64.37  66.51  67.20  64.20  1.901121e+09   28787700
2023-03-31  66.55  65.99  66.90  64.70  1.435280e+09   21859080
2023-04-03  66.92  66.78  67.37  66.18  1.142037e+09   17101390
2023-04-04  67.00  66.26  67.15  65.61  1.160995e+09   17444690
2023-04-05  66.25  66.55  67.05  65.25  7.939803e+08   11975920
2023-04-06  66.70  65.99  67.78  65.81  1.535014e+09   22974200
2023-04-07  66.10  66.64  66.84  66.02  8.406738e+08   12644420
2023-04-10  66.88  67.79  67.95  66.77  1.136663e+09   16823460
2023-04-11  67.98  66.80  68.74  66.30  1.598289e+09   23630320
2023-04-12  66.96  66.57  67.44  66.01  1.130073e+09   16943900
2023-04-13  66.37  65.96  66.49  65.32  7.572313e+08   11495290
2023-04-14  65.92  66.40  66.48  65.53  4.339282e+08    6563390
2023-04-17  66.57  67.07  67.30  66.53  5.691090e+08    8504000
2023-04-18  67.24  67.22  67.58  66.63  6.600608e+08    9830170
2023-04-19  67.37  66.68  67.79  66.30  1.036205e+09   15442300
2023-04-20  66.70  67.19  67.69  65.71  8.630812e+08   12921570
2023-04-21  67.36  68.17  68.78  66.93  1.285695e+09   18951770
2023-04-24  68.00  68.11  69.09  67.56  9.844245e+08   14388390
2023-04-25  68.24  67.55  68.49  67.38  5.657337e+08    8339940
2023-04-26  67.76  68.04  68.65  67.40  6.901892e+08   10128940
2023-04-27  68.11  68.34  68.54  67.56  7.871056e+08   11553100
2023-04-28  68.51  67.75  68.97  66.86  7.975232e+08   11705440
2023-05-02  67.95  66.70  68.20  66.17  6.457484e+08    9607820
2023-05-03  66.74  65.40  67.51  64.81  1.034424e+09   15610090
2023-05-04  65.56  65.86  66.11  65.05  4.332252e+08    6600090
2023-05-05  65.94  64.79  66.40  64.67  4.951325e+08    7576600
2023-05-08  64.70  64.53  65.06  64.10  2.189610e+08    3392950
2023-05-10  65.70  65.96  66.50  64.56  1.337486e+09   20405830
2023-05-11  66.10  65.49  66.97  64.58  9.613857e+08   14550150
2023-05-12  65.50  65.65  65.95  65.01  4.181302e+08    6388620
2023-05-15  65.65  67.40  67.50  65.65  6.643351e+08    9977860
2023-05-16  67.51  67.36  67.90  66.65  5.285637e+08    7861210
2023-05-17  67.82  67.70  68.42  67.05  9.216142e+08   13601550
2023-05-18  67.72  66.89  67.97  66.71  7.936739e+08   11814350
2023-05-19  66.00  66.25  66.44  65.44  9.169767e+08   13887370
2023-05-22  66.50  66.81  66.92  65.90  4.331776e+08    6520970
2023-05-23  66.95  66.63  66.95  66.00  3.869272e+08    5826970
2023-05-24  66.50  66.95  67.35  66.12  4.969309e+08    7443660
2023-05-25  67.00  66.34  67.15  65.80  4.664307e+08    7031850
2023-05-26  66.20  66.78  66.95  66.06  3.982732e+08    5982860
2023-05-29  67.00  66.94  67.88  66.61  1.090443e+09   16236800
2023-05-30  66.59  67.53  71.44  66.13  1.017398e+10  148679510
2023-05-31  64.37  65.79  65.96  64.00  3.728912e+09   57055900
2023-06-01  66.00  65.50  66.81  65.28  7.376650e+08   11218980
2023-06-02  65.54  66.08  66.17  65.30  8.772622e+08   13331750
2023-06-05  66.35  65.80  66.94  65.60  1.079014e+09   16271200
2023-06-06  65.51  66.10  66.17  65.21  6.054199e+08    9201810
2023-06-07  66.11  65.98  66.36  65.73  4.195691e+08    6353960
2023-06-08  66.10  66.05  66.22  65.76  2.372329e+08    3594030
2023-06-09  66.05  66.93  67.50  65.87  1.214940e+09   18168910
2023-06-13  67.09  67.62  67.75  67.09  7.269982e+08   10781650
2023-06-14  67.73  68.36  68.36  67.00  1.036473e+09   15294750
2023-06-15  68.53  67.44  68.75  67.05  1.615460e+09   23859760
2023-06-16  67.50  67.04  67.64  66.70  8.291806e+08   12377690
2023-06-19  69.75  69.30  69.80  68.01  3.412481e+09   49391720
2023-06-20  69.19  68.86  69.71  67.80  1.316765e+09   19157610
2023-06-21  68.87  68.81  69.09  68.30  5.559049e+08    8093120
2023-06-22  68.59  68.38  68.97  68.29  5.890661e+08    8589810
2023-06-23  68.29  66.89  68.65  66.40  1.365943e+09   20228420
2023-06-26  67.28  67.07  67.53  66.10  1.076915e+09   16063520
2023-06-27  67.24  67.61  67.87  67.10  4.748043e+08    7032870
2023-06-28  67.75  67.45  67.80  67.10  3.414229e+08    5066140
2023-06-29  67.60  68.64  68.77  67.58  7.757390e+08   11385220
2023-06-30  68.81  70.30  71.23  68.21  2.619535e+09   37373830
2023-07-03  70.61  71.29  72.35  70.23  2.559666e+09   35795370
2023-07-04  71.48  70.08  71.80  69.80  1.357141e+09   19148900
2023-07-05  70.10  70.80  71.12  69.87  1.043342e+09   14830800
2023-07-06  71.09  71.07  71.67  70.56  1.505607e+09   21134570
2023-07-07  71.40  72.18  72.26  70.82  1.162400e+09   16255420
2023-07-10  72.30  74.14  74.30  72.28  2.391288e+09   32498090
2023-07-11  74.30  74.67  75.07  73.72  1.768962e+09   23738630
2023-07-12  74.80  76.79  76.85  74.70  2.110086e+09   27756940
2023-07-13  76.98  77.33  77.59  75.60  2.688207e+09   35010130
2023-07-14  77.33  77.89  78.29  76.65  1.499195e+09   19305450
2023-07-17  77.50  78.57  78.75  77.00  1.512384e+09   19446830
2023-07-18  78.63  81.77  81.89  78.60  4.295028e+09   53281160
2023-07-19  81.90  81.13  82.52  80.85  1.653143e+09   20314800
2023-07-20  81.00  79.06  81.12  78.65  2.794357e+09   35047310
2023-07-21  78.81  81.07  81.20  78.81  1.284040e+09   16017700
2023-07-24  81.07  80.80  81.85  80.16  1.121604e+09   13881090
2023-07-25  80.80  80.61  80.95  79.61  9.671188e+08   12014320
2023-07-26  80.61  82.71  82.78  80.27  1.494301e+09   18346950
2023-07-27  84.85  84.61  86.26  83.21  4.886477e+09   57490230
2023-07-28  84.61  83.98  84.90  83.45  1.389097e+09   16544760
2023-07-31  84.05  85.50  85.60  83.75  1.607976e+09   18956030
2023-08-01  85.75  85.50  86.50  84.31  1.734122e+09   20280870
2023-08-02  85.40  85.61  86.33  84.62  1.687099e+09   19735060
2023-08-03  85.61  88.69  89.48  85.52  3.496132e+09   40016910
2023-08-04  89.00  85.58  89.60  83.55  3.995849e+09   46011880
2023-08-07  86.01  85.54  87.87  84.25  2.517651e+09   29145430
2023-08-08  85.55  86.12  86.38  82.75  2.159182e+09   25531500
2023-08-09  86.31  87.17  87.64  85.32  1.944704e+09   22414630
2023-08-10  87.51  88.90  89.08  86.86  1.539237e+09   17444640
2023-08-11  89.00  91.98  92.00  88.70  3.161429e+09   35001790
2023-08-14  92.90  87.52  93.70  87.06  9.689136e+09  107012810
2023-08-15  87.00  85.98  88.96  85.32  2.818979e+09   32246250
2023-08-16  85.90  83.38  86.61  81.62  4.518342e+09   53969460
2023-08-17  84.30  85.80  86.19  81.95  3.134430e+09   37339530
2023-08-18  85.80  88.03  88.38  84.20  3.634946e+09   41989860
2023-08-21  88.03  86.08  88.50  85.20  3.280463e+09   37885040
2023-08-22  86.01  85.05  86.07  84.27  2.395277e+09   28170090
2023-08-23  85.11  83.39  85.57  82.82  2.340880e+09   27743730
2023-08-24  83.76  85.10  85.38  83.59  1.334904e+09   15818390
2023-08-25  85.15  84.69  85.90  84.10  1.631912e+09   19243440
2023-08-28  85.00  84.73  85.40  84.16  1.478851e+09   17419570
2023-08-29  84.48  82.85  84.48  82.50  3.851347e+09   46218900
2023-08-30  82.60  81.93  82.76  80.92  2.311298e+09   28287750
2023-08-31  82.00  81.27  82.36  81.10  1.328196e+09   16266480
2023-09-01  81.29  82.23  82.34  80.66  2.111973e+09   25854380
2023-09-04  82.35  83.00  83.33  82.14  1.750650e+09   21155010
2023-09-05  83.10  82.12  83.15  81.51  1.274644e+09   15488110
2023-09-06  82.01  82.01  82.25  81.32  1.007036e+09   12320650
2023-09-07  82.00  80.19  82.01  79.66  1.703153e+09   21136150
2023-09-08  80.00  79.82  81.00  77.77  1.727373e+09   21805840
2023-09-11  80.07  78.15  80.29  77.91  1.170233e+09   14855720
2023-09-12  78.29  79.64  79.70  78.26  7.962254e+08   10073220
2023-09-13  79.85  78.93  80.08  78.55  5.318725e+08    6706930
2023-09-14  79.04  78.12  79.04  77.31  1.050524e+09   13429430
2023-09-15  78.05  77.00  78.29  76.55  1.824834e+09   23607500
2023-09-18  76.82  75.26  76.82  74.95  2.320153e+09   30685190
2023-09-19  75.00  73.64  75.66  73.12  2.066262e+09   27839820
2023-09-20  73.65  72.17  75.26  71.82  3.961721e+09   54267180
2023-09-21  71.98  69.88  71.98  69.70  2.638604e+09   37479850
2023-09-22  69.50  72.69  72.78  69.30  2.453940e+09   34493190
2023-09-25  72.68  71.97  72.68  71.11  1.209201e+09   16834360
2023-09-26  72.00  73.05  73.69  71.14  1.042591e+09   14401490
2023-09-27  73.07  73.26  73.96  72.71  1.487013e+09   20289310
2023-09-28  73.26  73.03  73.71  72.35  1.204998e+09   16487420
2023-09-29  73.00  73.81  73.90  72.20  1.190318e+09   16243800
2023-10-02  74.03  73.19  75.68  72.61  3.288049e+09   44225330
2023-10-03  73.19  74.15  74.84  71.81  2.001665e+09   27207120
2023-10-04  74.00  73.18  74.24  73.17  7.820347e+08   10604510
2023-10-05  73.44  73.78  74.00  73.03  5.091584e+08    6915100
2023-10-06  73.82  74.68  74.77  73.64  7.434967e+08   10015040
2023-10-09  74.98  74.97  75.46  74.24  8.831203e+08   11798790
2023-10-10  75.00  77.32  77.45  74.84  2.126755e+09   27841480
2023-10-11  77.41  75.89  78.09  75.56  2.237931e+09   29084700
2023-10-12  75.65  76.86  77.15  75.15  8.926830e+08   11662490
2023-10-13  77.00  76.70  77.16  76.12  8.513409e+08   11111540
2023-10-16  77.00  76.90  77.45  76.64  1.443144e+09   18734880
2023-10-17  76.81  77.01  77.30  76.40  2.550731e+09   33139870
2023-10-18  73.33  72.82  73.65  72.70  3.015635e+09   41223360
2023-10-19  72.60  72.20  72.70  71.80  1.702408e+09   23572640
2023-10-20  72.15  72.06  72.36  71.40  8.740209e+08   12157050
2023-10-23  72.02  72.61  73.00  71.80  1.036657e+09   14312460
2023-10-24  72.75  72.36  72.75  72.02  5.393185e+08    7462450
2023-10-25  72.30  71.54  72.30  71.44  6.990607e+08    9737680
2023-10-26  71.50  70.79  71.50  70.40  1.059159e+09   14940880
2023-10-27  71.00  70.74  71.54  70.35  8.641711e+08   12188280
2023-10-30  70.52  70.03  70.52  69.80  7.540166e+08   10756760
2023-10-31  70.20  69.98  70.59  69.71  7.832290e+08   11183400
2023-11-01  69.75  70.50  70.70  69.75  6.915556e+08    9832140
2023-11-02  70.50  70.87  71.79  70.15  1.137796e+09   16012260
2023-11-03  71.16  70.01  71.36  69.75  9.662202e+08   13727960
2023-11-06  70.26  70.17  70.50  69.91  3.622395e+08    5161590
2023-11-07  70.07  70.39  70.83  69.98  4.609869e+08    6541240
2023-11-08  70.48  71.62  71.99  70.11  1.200419e+09   16843250
2023-11-09  71.62  71.36  71.78  70.92  4.649316e+08    6527550
2023-11-10  71.12  70.37  71.42  70.20  5.090179e+08    7193150
2023-11-13  70.13  68.50  71.15  68.06  1.317240e+09   18882650
2023-11-14  68.00  68.02  68.38  66.98  1.357175e+09   20044120
2023-11-15  68.12  68.66  69.28  67.21  1.331986e+09   19483270
2023-11-16  68.63  66.95  68.87  66.68  8.756424e+08   12913640
2023-11-17  66.40  66.66  66.99  65.67  1.103080e+09   16639680
2023-11-20  66.75  66.38  66.98  66.03  4.748465e+08    7141400
2023-11-21  66.38  67.07  67.27  65.91  5.053397e+08    7580230
2023-11-22  67.27  66.60  67.43  66.50  3.665567e+08    5474870
2023-11-23  66.37  66.14  66.84  66.01  3.080536e+08    4637320
2023-11-24  66.13  66.01  66.67  65.51  5.720525e+08    8656290
2023-11-27  66.00  65.40  66.25  64.99  5.630054e+08    8569120
2023-11-28  65.67  66.50  66.95  64.20  8.684690e+08   13300060
2023-11-29  66.50  66.73  67.72  65.41  1.224603e+09   18344050
2023-11-30  66.89  65.18  66.96  65.00  7.637310e+08   11644400
2023-12-01  65.02  65.03  65.84  64.65  4.991263e+08    7657130
2023-12-04  64.99  65.24  66.14  64.41  6.614267e+08   10096870
2023-12-05  65.46  66.30  66.95  65.20  4.924046e+08    7464790
2023-12-06  66.54  65.89  66.54  64.70  1.503751e+09   22882650
2023-12-07  65.79  67.53  67.70  65.40  1.482841e+09   22203740
2023-12-08  67.75  70.92  70.96  67.75  2.975284e+09   42841800
2023-12-11  71.00  70.62  72.26  68.75  3.529802e+09   49935290
2023-12-12  70.89  72.19  72.62  69.69  2.127360e+09   29790520
2023-12-13  72.15  71.48  73.14  71.10  1.380947e+09   19135390
2023-12-14  71.49  69.49  71.81  69.10  1.233919e+09   17523950
2023-12-15  69.39  71.20  71.89  69.39  1.013922e+09   14293600
2023-12-18  70.95  72.51  73.35  70.94  2.171792e+09   30021130
2023-12-19  72.79  72.30  72.94  71.61  1.176863e+09   16291990
2023-12-20  72.14  72.19  73.15  71.96  1.024620e+09   14147570
2023-12-21  71.79  71.21  72.36  70.30  1.043022e+09   14628080
2023-12-22  71.43  70.97  72.14  70.58  1.152124e+09   16172430
2023-12-25  71.02  70.05  71.50  70.02  7.127321e+08   10070960
2023-12-26  70.00  70.38  70.79  69.26  9.363265e+08   13378300
2023-12-27  70.35  69.85  70.36  69.77  6.892702e+08    9841070
2023-12-28  69.85  69.50  70.21  69.10  6.754763e+08    9699080
2023-12-29  69.50  69.50  69.98  69.27  2.676668e+08    3845100