begin                                                            
2023-01-03   901.4   897.6   909.6   892.8  3.223082e+08   358177
2023-01-04   896.8   888.6   900.8   883.0  3.288187e+08   369931
2023-01-05   885.8   882.8   891.4   874.4  2.617968e+08   297184
2023-01-06   882.0   884.4   894.0   878.4  2.908236e+08   328169
2023-01-09   887.2   872.6   892.8   862.0  7.320720e+08   835930
2023-01-10   872.0   863.6   872.0   860.0  3.485421e+08   403565
2023-01-11   865.6   879.8   879.8   862.0  3.686355e+08   422407
2023-01-12   880.0   880.4   885.0   869.8  3.650995e+08   415677
2023-01-13   880.8   890.4   893.6   875.2  2.929987e+08   330223
2023-01-16   890.8   922.0   927.8   890.8  7.143022e+08   784445
2023-01-17   922.6   903.8   927.8   902.0  6.082043e+08   663912
2023-01-18   905.8   910.8   923.4   898.0  4.623242e+08   506542
2023-01-19   905.6   894.2   910.6   891.4  3.436610e+08   382658
2023-01-20   894.0   887.8   904.0   881.0  5.105060e+08   574341
2023-01-23   887.0   892.0   893.8   882.2  2.966037e+08   333783
2023-01-24   894.0   875.2   898.0   872.0  3.909096e+08   442753
2023-01-25   871.2   875.2   879.2   868.2  3.878309e+08   444426
2023-01-26   876.0   881.4   883.8   871.4  2.690562e+08   306486
2023-01-27   882.0   895.4   896.0   878.6  4.348108e+08   488944
2023-01-30   896.6   912.8   917.6   894.0  6.253109e+08   688125
2023-01-31   913.0   929.0   932.0   911.8  9.215592e+08   998959
2023-02-01   931.0   976.6   977.0   925.8  1.590356e+09  1661089
2023-02-02   981.6   997.2  1014.4   960.6  1.836081e+09  1857875
2023-02-03   992.2  1016.2  1025.0   981.4  1.437525e+09  1432342
2023-02-06  1016.2  1035.0  1048.0  1006.0  1.561824e+09  1511333
2023-02-07  1040.6  1000.0  1045.0   992.2  1.765873e+09  1744941
2023-02-08   999.0   982.2  1009.4   981.0  1.346565e+09  1356665
2023-02-09   980.6  1008.6  1019.0   971.0  1.625362e+09  1626745
2023-02-10  1008.0  1020.6  1027.0  1000.0  9.077714e+08   894151
2023-02-13  1020.0  1016.0  1038.4  1015.0  7.446692e+08   724124
2023-02-14  1017.0   996.0  1019.6   991.4  9.269649e+08   926912
2023-02-15   991.6   964.6   998.4   948.4  1.443573e+09  1477248
2023-02-16   968.0   973.8   989.0   956.4  9.570472e+08   985563
2023-02-17   971.0   975.6   988.2   957.4  6.057177e+08   622285
2023-02-20   980.0   985.0   988.6   958.0  6.953529e+08   714831
2023-02-21   985.8  1012.8  1018.4   981.0  1.385351e+09  1378621
2023-02-22  1012.8  1025.8  1032.0  1004.0  1.322047e+09  1295145
2023-02-24  1025.8  1041.6  1043.0  1021.6  1.029483e+09   993878
2023-02-27  1039.0  1061.0  1062.0  1030.6  1.178773e+09  1118812
2023-02-28  1064.0  1055.0  1074.8  1050.0  1.090697e+09  1028689
2023-03-01  1057.0  1060.4  1066.2  1047.2  6.844365e+08   647377
2023-03-02  1061.0  1049.0  1072.0  1032.0  1.152316e+09  1094333
2023-03-03  1050.0  1063.4  1065.0  1046.2  4.234069e+08   400018
2023-03-06  1067.0  1053.0  1070.2  1049.2  7.232576e+08   683464
2023-03-07  1053.0  1055.8  1060.0  1045.2  5.485653e+08   519462
2023-03-09  1060.0  1052.6  1064.0  1048.2  4.618377e+08   437911
2023-03-10  1048.0  1052.2  1061.8  1044.6  6.723229e+08   637772
2023-03-13  1053.0  1042.0  1059.6  1033.8  7.554874e+08   723195
2023-03-14  1041.4  1036.0  1044.8  1035.0  5.758504e+08   554677
2023-03-15  1036.0  1019.4  1040.0  1010.8  8.631100e+08   844078
2023-03-16  1015.4  1028.4  1031.8  1002.0  8.699393e+08   856837
2023-03-17  1033.0  1033.6  1039.8  1023.0  6.927548e+08   671769
2023-03-20  1036.2  1060.0  1062.0  1030.0  9.396371e+08   897833
2023-03-21  1065.0  1038.6  1065.0  1034.2  6.486427e+08   618426
2023-03-22  1036.2  1046.8  1053.8  1033.2  4.349490e+08   415699
2023-03-23  1046.0  1039.2  1049.6  1038.0  3.019343e+08   289627
2023-03-24  1041.6  1034.6  1043.0  1028.0  3.735318e+08   360852
2023-03-27  1036.2  1039.8  1042.6  1032.2  4.263053e+08   410739
2023-03-28  1041.4  1038.0  1044.0  1033.0  2.790255e+08   269094
2023-03-29  1040.6  1074.6  1078.4  1035.4  1.912966e+09  1793991
2023-03-30  1074.6  1061.0  1084.8  1058.0  1.392698e+09  1303132
2023-03-31  1061.0  1050.6  1061.0  1041.6  7.925821e+08   755115
2023-04-03  1053.2  1053.0  1058.2  1041.6  6.292701e+08   598548
2023-04-04  1055.0  1044.2  1057.0  1040.0  7.096826e+08   676914
2023-04-05  1046.2  1048.8  1050.0  1036.2  8.226038e+08   788696
2023-04-06  1048.8  1039.4  1054.2  1039.0  9.383939e+08   898002
2023-04-07  1038.8  1033.8  1043.8  1021.0  1.386866e+09  1347972
2023-04-10  1033.6  1038.6  1049.0  1028.2  1.161514e+09  1122079
2023-04-11  1038.6  1023.4  1042.0  1018.0  1.256478e+09  1221733
2023-04-12  1021.0  1026.2  1035.6  1012.6  1.065764e+09  1039785
2023-04-13  1026.6  1021.6  1032.0  1014.8  7.391719e+08   724462
2023-04-14  1022.0  1021.4  1023.8  1015.4  4.570766e+08   448476
2023-04-17  1026.0  1038.0  1039.0  1022.0  1.022423e+09   992916
2023-04-18  1041.0  1052.2  1056.0  1030.0  1.428833e+09  1370344
2023-04-19  1053.0  1026.8  1067.0  1020.0  2.789940e+09  2677709
2023-04-20  1025.0  1013.6  1027.2  1002.2  1.657861e+09  1635921
2023-04-21  1015.0  1018.8  1021.0  1005.2  5.085615e+08   501469
2023-04-24  1020.0  1016.6  1024.2  1014.2  6.482087e+08   636757
2023-04-25  1016.0  1010.2  1018.0  1006.2  5.064582e+08   500815
2023-04-26  1010.2   998.0  1014.2   995.0  6.825942e+08   680451
2023-04-27   999.4  1004.6  1006.0   986.4  9.132986e+08   917318
2023-04-28  1005.8  1002.0  1007.0   990.2  5.098608e+08   510253
2023-05-02  1002.0   972.6  1004.0   969.2  8.523288e+08   868759
2023-05-03   976.8   957.4   990.8   950.2  1.509093e+09  1554406
2023-05-04   960.0   963.2   972.6   951.6  5.968425e+08   620335
2023-05-05   963.2   954.6   970.4   953.8  3.706352e+08   385942
2023-05-08   952.6   962.0   964.8   942.6  3.482887e+08   364795
2023-05-10   968.4   987.2   988.8   962.0  6.710574e+08   685575
2023-05-11   989.0   985.8  1004.0   971.8  9.956128e+08  1002637
2023-05-12   987.8   988.0   994.0   976.2  4.123306e+08   418192
2023-05-15   990.0   995.6  1000.0   986.0  6.418208e+08   647084
2023-05-16   998.2  1008.4  1009.6   992.4  7.188558e+08   716122
2023-05-17  1010.0  1009.8  1014.6  1002.0  5.373340e+08   532508
2023-05-18  1007.8  1003.8  1013.6   996.0  4.415014e+08   438851
2023-05-19   996.6   997.0   999.8   982.2  6.283297e+08   632556
2023-05-22  1000.0   988.6  1003.8   984.6  3.414754e+08   343562
2023-05-23   988.0   996.0  1000.6   983.0  3.744013e+08   377288
2023-05-24   992.8   993.6  1000.4   987.0  3.334226e+08   335725
2023-05-25   994.0  1006.6  1020.8   990.8  1.747025e+09  1736910
2023-05-26  1010.0  1005.8  1017.8  1000.2  5.256242e+08   521758
2023-05-29  1011.4  1027.0  1027.0  1007.4  9.028317e+08   884302
2023-05-30  1021.0  1025.8  1042.4  1011.6  1.641151e+09  1591036
2023-05-31  1022.2  1024.0  1032.0  1013.0  5.321238e+08   518902
2023-06-01  1024.0  1032.0  1037.0  1020.4  5.704783e+08   554727
2023-06-02  1025.6  1037.8  1040.0  1025.6  5.859998e+08   566935
2023-06-05  1041.0  1031.4  1054.0  1027.2  7.767080e+08   745179
2023-06-06  1029.0  1021.0  1029.0  1008.0  8.141932e+08   799647
2023-06-07  1023.0  1020.6  1033.0  1013.6  6.346819e+08   619231
2023-06-08  1020.4  1040.6  1044.0  1015.0  7.044778e+08   683087
2023-06-09  1042.6  1030.4  1044.4  1030.2  2.866667e+08   276475
2023-06-13  1030.6  1052.4  1053.8  1028.0  8.413165e+08   806808
2023-06-14  1055.6  1049.0  1056.8  1046.4  4.934783e+08   469597
2023-06-15  1052.2  1077.6  1079.6  1047.2  1.224075e+09  1149603
2023-06-16  1080.0  1073.6  1080.0  1064.2  4.779640e+08   446525
2023-06-19  1073.4  1155.0  1158.0  1056.0  5.294612e+09  4722877
2023-06-20  1154.8  1145.0  1160.0  1127.0  2.699566e+09  2364223
2023-06-21  1144.4  1182.0  1188.0  1133.0  2.665245e+09  2273159
2023-06-22  1183.0  1164.8  1199.0  1153.0  2.216277e+09  1877783
2023-06-23  1155.2  1164.6  1205.0  1153.0  3.438203e+09  2916455
2023-06-26  1178.2  1158.2  1197.8  1127.0  3.094139e+09  2653526
2023-06-27  1160.6  1187.8  1196.0  1146.6  2.322194e+09  1967429
2023-06-28  1191.0  1169.0  1199.8  1165.8  1.224952e+09  1040357
2023-06-29  1171.4  1166.8  1176.8  1160.6  8.036651e+08   688374
2023-06-30  1162.8  1174.0  1184.0  1156.2  7.353814e+08   627926
2023-07-03  1177.2  1219.0  1227.4  1174.0  2.422467e+09  2008185
2023-07-04  1221.8  1201.4  1229.0  1197.0  1.897923e+09  1570567
2023-07-05  1211.0  1213.0  1220.0  1203.2  9.705355e+08   801477
2023-07-06  1215.0  1203.8  1219.0  1198.2  9.056898e+08   749859
2023-07-07  1208.0  1199.4  1208.0  1187.8  9.417139e+08   786165
2023-07-10  1209.0  1218.4  1223.4  1200.0  8.065575e+08   666452
2023-07-11  1222.0  1222.8  1227.8  1208.6  7.106430e+08   582957
2023-07-12  1225.0  1244.0  1249.4  1218.0  1.384869e+09  1117178
2023-07-13  1244.0  1238.8  1250.0  1231.8  7.340130e+08   591508
2023-07-14  1241.0  1253.0  1255.0  1233.2  8.261128e+08   662859
2023-07-17  1248.4  1275.0  1280.0  1244.4  1.161512e+09   913616
2023-07-18  1276.2  1287.8  1300.0  1265.2  2.038950e+09  1588286
2023-07-19  1292.0  1277.4  1292.0  1271.2  8.025256e+08   628318
2023-07-20  1278.4  1260.8  1286.0  1258.8  9.922412e+08   782572
2023-07-21  1257.0  1274.2  1275.0  1233.8  9.595808e+08   760092
2023-07-24  1275.4  1286.0  1292.0  1272.0  8.526441e+08   665088
2023-07-25  1285.8  1313.6  1317.4  1284.4  1.217147e+09   935492
2023-07-26  1317.0  1301.4  1319.6  1292.6  1.020801e+09   782493
2023-07-27  1303.0  1328.0  1337.0  1294.0  1.636212e+09  1240652
2023-07-28  1327.4  1334.8  1336.0  1318.2  8.358102e+08   628913
2023-07-31  1340.0  1367.6  1375.0  1333.0  1.311380e+09   970666
2023-08-01  1368.0  1364.6  1383.8  1351.8  1.165030e+09   849549
2023-08-02  1364.6  1364.0  1372.8  1353.2  1.007730e+09   739116
2023-08-03  1364.0  1399.0  1401.0  1354.4  1.453977e+09  1052522
2023-08-04  1402.6  1348.4  1406.6  1323.8  2.522023e+09  1837365
2023-08-07  1356.0  1327.4  1381.8  1316.0  1.753139e+09  1295592
2023-08-08  1327.4  1326.2  1329.8  1291.0  1.802541e+09  1377102
2023-08-09  1330.0  1339.4  1354.4  1322.0  2.139876e+09  1596308
2023-08-10  1343.4  1356.4  1359.0  1330.2  1.442509e+09  1074129
2023-08-11  1359.0  1345.4  1369.8  1340.0  1.315467e+09   972088
2023-08-14  1353.0  1307.8  1358.8  1303.8  1.954254e+09  1462561
2023-08-15  1302.0  1305.6  1334.0  1297.0  1.353844e+09  1027505
2023-08-16  1305.6  1278.0  1314.6  1251.6  1.838873e+09  1439221
2023-08-17  1291.0  1291.0  1298.4  1266.0  1.159730e+09   905201
2023-08-18  1286.6  1302.2  1304.0  1270.6  8.956873e+08   697201
2023-08-21  1313.0  1299.8  1320.0  1294.8  1.514761e+09  1161675
2023-08-22  1303.6  1329.6  1333.0  1287.4  2.100517e+09  1599611
2023-08-23  1333.2  1302.6  1353.0  1290.6  3.260747e+09  2460840
2023-08-24  1309.0  1346.8  1348.8  1306.0  1.604379e+09  1209064
2023-08-25  1346.8  1360.0  1360.0  1330.2  1.334912e+09   991291
2023-08-28  1361.8  1385.4  1395.0  1350.4  1.851392e+09  1347815
2023-08-29  1390.0  1358.6  1404.8  1347.8  3.249477e+09  2373190
2023-08-30  1359.8  1385.0  1399.0  1352.4  1.883063e+09  1371022
2023-08-31  1387.0  1427.4  1429.2  1383.2  2.371491e+09  1684986
2023-09-01  1427.4  1431.6  1439.6  1412.0  1.176736e+09   825805
2023-09-04  1438.0  1432.2  1445.0  1422.8  1.077125e+09   751173
2023-09-05  1429.2  1411.0  1433.4  1400.4  1.248352e+09   881822
2023-09-06  1407.4  1370.0  1407.4  1357.4  2.721893e+09  1976579
2023-09-07  1374.0  1342.0  1385.8  1332.6  2.139779e+09  1578323
2023-09-08  1339.2  1316.6  1349.0  1312.0  1.434367e+09  1084726
2023-09-11  1316.6  1289.0  1322.4  1271.0  2.826836e+09  2187543
2023-09-12  1299.6  1326.6  1328.0  1285.6  1.294108e+09   992121
2023-09-13  1323.0  1295.8  1338.0  1290.2  1.341917e+09  1019463
2023-09-14  1300.0  1293.6  1305.0  1262.2  1.696146e+09  1317652
2023-09-15  1295.0  1311.4  1314.4  1281.0  9.344024e+08   717245
2023-09-18  1313.0  1292.8  1325.8  1286.6  1.071594e+09   821362
2023-09-19  1292.0  1286.8  1299.6  1263.6  1.582996e+09  1234589
2023-09-20  1285.6  1285.2  1314.6  1265.0  1.502199e+09  1163403
2023-09-21  1278.4  1268.8  1293.4  1258.0  1.839233e+09  1440543
2023-09-22  1268.2  1342.0  1344.0  1259.0  3.186179e+09  2428421
2023-09-25  1341.4  1331.8  1350.0  1325.4  1.299729e+09   974106
2023-09-26  1329.0  1370.8  1383.6  1317.0  2.166170e+09  1597143
2023-09-27  1374.8  1378.4  1386.2  1364.0  1.295309e+09   944000
2023-09-28  1380.0  1375.2  1387.8  1354.0  1.261114e+09   919550
2023-09-29  1378.4  1368.4  1381.4  1360.0  7.224873e+08   527810
2023-10-02  1371.0  1390.0  1393.8  1362.0  1.471835e+09  1067388
2023-10-03  1392.0  1358.4  1393.8  1351.0  1.552538e+09  1137993
2023-10-04  1355.6  1370.6  1388.4  1345.0  1.504419e+09  1096454
2023-10-05  1370.0  1372.2  1384.0  1360.0  7.263216e+08   529632
2023-10-06  1369.4  1367.0  1376.2  1353.4  9.255492e+08   678993
2023-10-09  1367.0  1368.4  1380.0  1361.0  7.366299e+08   537110
2023-10-10  1366.0  1374.4  1375.0  1361.8  5.123316e+08   374159
2023-10-11  1375.0  1358.0  1415.6  1355.0  2.438602e+09  1756692
2023-10-12  1358.0  1368.8  1373.4  1352.0  1.276247e+09   934798
2023-10-13  1370.0  1378.2  1380.8  1367.2  7.521952e+08   547004
2023-10-16  1380.0  1403.8  1405.0  1378.8  1.116748e+09   801319
2023-10-17  1405.0  1422.2  1437.8  1398.0  1.403731e+09   990017
2023-10-18  1425.0  1408.6  1432.8  1393.4  1.178966e+09   835710
2023-10-19  1408.0  1396.0  1408.0  1387.6  8.130533e+08   582266
2023-10-20  1396.0  1409.8  1419.0  1368.0  1.425236e+09  1025439
2023-10-23  1410.0  1399.8  1411.6  1391.2  9.403065e+08   671546
2023-10-24  1400.4  1395.2  1406.0  1389.8  5.527636e+08   396157
2023-10-25  1395.6  1387.4  1397.4  1380.0  6.105234e+08   440331
2023-10-26  1383.0  1369.6  1393.2  1368.0  6.539809e+08   473505
2023-10-27  1367.0  1362.8  1378.4  1340.4  7.822361e+08   575202
2023-10-30  1363.0  1372.0  1384.4  1354.2  6.624146e+08   482102
2023-10-31  1368.0  1354.8  1374.0  1347.6  6.379930e+08   470119
2023-11-01  1357.6  1351.0  1364.0  1343.0  3.908386e+08   288549
2023-11-02  1347.2  1359.8  1369.6  1347.2  6.041883e+08   444476
2023-11-03  1359.6  1372.0  1379.4  1341.0  6.900793e+08   507180
2023-11-06  1374.0  1386.2  1399.0  1373.0  7.519689e+08   542614
2023-11-07  1386.0  1391.6  1400.0  1369.0  1.013158e+09   732608
2023-11-08  1391.2  1375.2  1397.4  1370.0  9.132240e+08   662261
2023-11-09  1377.8  1359.2  1377.8  1354.0  1.111627e+09   817878
2023-11-10  1360.0  1366.8  1372.8  1349.0  1.021543e+09   750488
2023-11-13  1364.0  1378.8  1388.4  1352.6  6.737552e+08   489178
2023-11-14  1380.0  1356.8  1380.0  1350.4  8.321254e+08   611521
2023-11-15  1355.0  1360.0  1363.8  1345.0  6.995855e+08   516556
2023-11-16  1359.6  1350.8  1375.8  1344.6  7.636332e+08   560996
2023-11-17  1348.4  1351.0  1358.8  1313.6  9.075875e+08   677995
2023-11-20  1351.2  1332.4  1356.0  1330.2  8.602409e+08   642586
2023-11-21  1330.4  1327.0  1333.2  1315.0  1.260898e+09   954103
2023-11-22  1326.0  1349.8  1351.8  1325.4  9.174066e+08   682990
2023-11-23  1352.8  1330.4  1354.8  1323.2  8.080228e+08   604919
2023-11-24  1330.4  1317.2  1334.2  1308.6  9.739354e+08   738882
2023-11-27  1317.2  1294.2  1317.2  1284.2  1.337203e+09  1028865
2023-11-28  1293.0  1304.2  1315.6  1286.0  9.657852e+08   741760
2023-11-29  1302.4  1297.2  1309.4  1285.2  6.283841e+08   484737
2023-11-30  1297.2  1268.2  1299.6  1266.0  1.008910e+09   789781
2023-12-01  1265.0  1257.0  1278.6  1254.0  9.595540e+08   757897
2023-12-04  1257.0  1274.0  1281.6  1241.8  1.020625e+09   806549
2023-12-05  1275.0  1295.2  1297.0  1263.6  9.863385e+08   771366
2023-12-06  1299.0  1252.0  1303.6  1250.0  1.123218e+09   879841
2023-12-07  1252.0  1245.0  1265.0  1228.2  1.142138e+09   916185
2023-12-08  1247.6  1270.4  1274.8  1244.2  9.007785e+08   715616
2023-12-11  1269.0  1251.0  1289.4  1246.2  1.027750e+09   811054
2023-12-12  1251.0  1240.6  1261.2  1235.2  9.861560e+08   790919
2023-12-13  1240.6  1245.4  1252.8  1234.0  6.905379e+08   555781
2023-12-14  1248.0  1216.6  1250.8  1216.6  6.826286e+08   551629
2023-12-15  1216.4  1273.6  1273.6  1216.4  9.106375e+08   731346
2023-12-18  1275.4  1283.2  1309.0  1273.6  1.248291e+09   967373
2023-12-19  1283.0  1307.2  1313.0  1273.6  1.433559e+09  1104443
2023-12-20  1310.2  1330.0  1336.6  1310.0  1.277873e+09   964075
2023-12-21  1328.0  1336.6  1349.8  1319.6  1.282254e+09   959508
2023-12-22  1336.6  1333.8  1354.8  1327.0  1.070376e+09   798497
2023-12-25  1333.8  1341.2  1345.8  1333.0  6.901093e+08   514967
2023-12-26  1343.8  1375.2  1377.2  1338.0  1.045309e+09   767946
2023-12-27  1375.6  1382.0  1389.4  1375.0  8.943411e+08   646620
2023-12-28  1384.0  1408.0  1414.0  1375.2  1.244199e+09   891814
2023-12-29  1408.4  1407.0  1409.8  1392.0  7.813429e+08   558550