begin                                                            
2023-01-03  1500.5  1513.0  1516.0  1485.5  4.609597e+07    30546
2023-01-04  1514.0  1515.0  1522.0  1507.5  3.852117e+07    25436
2023-01-05  1515.0  1502.0  1519.5  1497.0  3.562917e+07    23673
2023-01-06  1500.0  1498.0  1503.0  1481.0  4.627490e+07    31055
2023-01-09  1500.5  1497.0  1508.0  1491.0  5.804274e+07    38758
2023-01-10  1496.5  1489.5  1496.5  1476.0  5.036072e+07    33922
2023-01-11  1486.5  1519.0  1520.0  1484.0  1.221754e+08    81421
2023-01-12  1520.5  1505.0  1520.5  1492.0  1.471302e+08    97742
2023-01-13  1501.0  1527.0  1531.5  1493.5  1.037425e+08    68213
2023-01-16  1532.5  1557.0  1570.5  1527.5  2.139836e+08   137719
2023-01-17  1557.0  1525.0  1570.0  1519.5  1.710536e+08   111058
2023-01-18  1527.5  1512.0  1555.5  1503.0  2.366495e+08   155442
2023-01-19  1530.0  1512.0  1530.0  1485.5  1.003985e+08    66617
2023-01-20  1512.0  1510.0  1520.0  1496.0  7.277014e+07    48363
2023-01-23  1510.0  1534.0  1535.0  1510.0  1.140376e+08    74894
2023-01-24  1540.0  1513.0  1564.0  1511.0  1.664871e+08   108532
2023-01-25  1513.0  1506.0  1514.0  1497.0  7.929548e+07    52750
2023-01-26  1511.0  1503.5  1515.5  1496.5  7.355443e+07    48941
2023-01-27  1506.0  1503.5  1513.0  1490.5  9.920780e+07    66073
2023-01-30  1508.5  1504.5  1510.5  1490.5  8.287151e+07    55285
2023-01-31  1505.0  1505.5  1505.5  1495.5  7.016740e+07    46732
2023-02-01  1509.0  1507.0  1509.0  1498.0  6.589507e+07    43843
2023-02-02  1508.5  1505.5  1512.0  1495.5  1.094256e+08    72765
2023-02-03  1505.5  1505.0  1516.0  1495.5  7.661103e+07    50959
2023-02-06  1505.0  1539.5  1548.0  1504.5  2.189438e+08   142746
2023-02-07  1539.5  1537.5  1555.0  1526.5  1.689640e+08   109677
2023-02-08  1539.0  1516.0  1546.0  1495.5  1.979410e+08   130382
2023-02-09  1520.0  1524.0  1533.0  1510.5  5.779631e+07    37976
2023-02-10  1523.5  1540.0  1547.0  1515.0  1.190820e+08    77640
2023-02-13  1540.5  1543.5  1553.0  1540.5  1.094264e+08    70692
2023-02-14  1545.5  1526.0  1547.5  1507.0  1.268654e+08    83347
2023-02-15  1524.0  1452.0  1524.0  1410.0  2.899353e+08   196330
2023-02-16  1460.5  1417.5  1497.5  1389.0  2.976440e+08   208323
2023-02-17  1417.0  1415.5  1426.0  1392.5  9.554666e+07    67768
2023-02-20  1415.0  1411.5  1425.5  1390.0  8.288983e+07    58952
2023-02-21  1411.5  1464.0  1469.0  1411.5  1.443317e+08    99860
2023-02-22  1466.5  1456.5  1466.5  1450.0  4.540315e+07    31164
2023-02-24  1463.5  1462.0  1480.0  1440.0  4.317391e+07    29633
2023-02-27  1440.0  1464.0  1466.5  1424.5  9.391551e+07    64597
2023-02-28  1468.0  1466.0  1477.0  1457.0  6.311496e+07    43077
2023-03-01  1469.0  1467.5  1470.0  1459.0  7.194207e+07    49153
2023-03-02  1468.0  1454.5  1480.0  1442.0  1.319056e+08    90081
2023-03-03  1458.5  1469.5  1473.0  1455.0  4.937813e+07    33683
2023-03-06  1472.0  1489.0  1492.0  1471.0  8.907129e+07    59946
2023-03-07  1485.0  1507.5  1519.0  1483.0  2.106319e+08   139624
2023-03-09  1508.0  1505.5  1524.0  1500.0  1.022356e+08    67621
2023-03-10  1502.0  1497.5  1508.0  1490.0  6.854615e+07    45797
2023-03-13  1502.0  1501.5  1515.0  1485.5  1.148590e+08    76465
2023-03-14  1508.0  1500.0  1508.0  1491.5  8.310307e+07    55533
2023-03-15  1504.5  1463.0  1507.5  1438.5  2.433242e+08   165971
2023-03-16  1462.5  1440.0  1466.5  1410.0  2.927372e+08   204728
2023-03-17  1451.0  1452.0  1459.0  1421.0  2.652245e+08   184156
2023-03-20  1457.0  1470.5  1477.0  1439.0  2.214587e+08   151569
2023-03-21  1474.0  1442.5  1480.0  1429.5  2.636400e+08   181944
2023-03-22  1443.0  1418.5  1444.5  1414.0  1.748051e+08   122493
2023-03-23  1420.5  1410.0  1433.0  1408.5  1.460923e+08   102866
2023-03-24  1413.5  1400.0  1417.0  1395.5  2.587469e+08   184421
2023-03-27  1407.0  1406.0  1421.5  1399.0  3.754727e+08   267291
2023-03-28  1407.0  1397.5  1407.0  1380.0  2.763657e+08   198271
2023-03-29  1397.5  1420.0  1420.0  1391.5  2.677537e+08   189841
2023-03-30  1421.0  1433.5  1435.0  1411.5  3.517739e+08   246398
2023-03-31  1439.0  1429.0  1452.0  1405.5  3.219203e+08   225310
2023-04-03  1435.0  1425.0  1435.5  1413.5  1.632088e+08   114559
2023-04-04  1425.0  1410.5  1428.5  1401.0  1.667901e+08   117997
2023-04-05  1410.5  1412.0  1419.0  1393.0  1.668104e+08   118960
2023-04-06  1412.0  1410.0  1420.0  1398.0  1.995102e+08   141416
2023-04-07  1412.5  1409.0  1425.5  1396.0  2.161218e+08   153597
2023-04-10  1414.0  1440.0  1440.0  1413.0  2.529619e+08   177082
2023-04-11  1440.5  1429.5  1468.0  1411.0  4.113061e+08   284918
2023-04-12  1433.0  1432.5  1448.5  1422.5  1.288859e+08    89721
2023-04-13  1432.0  1438.5  1445.0  1420.0  9.009080e+07    62910
2023-04-14  1440.0  1447.0  1449.5  1424.0  7.883154e+07    54858
2023-04-17  1453.0  1465.5  1473.0  1445.0  3.250001e+08   222231
2023-04-18  1473.5  1532.0  1538.5  1471.0  6.103658e+08   406091
2023-04-19  1535.0  1537.5  1570.0  1506.0  5.910828e+08   381999
2023-04-20  1540.0  1545.0  1560.0  1520.5  2.534574e+08   164015
2023-04-21  1545.0  1539.5  1552.0  1507.0  1.529452e+08   100016
2023-04-24  1539.5  1584.5  1592.0  1530.5  3.919076e+08   250139
2023-04-25  1584.5  1562.5  1587.5  1547.5  2.252620e+08   144323
2023-04-26  1563.0  1557.5  1566.5  1550.5  9.554405e+07    61333
2023-04-27  1562.5  1564.5  1578.0  1520.5  3.368054e+08   215587
2023-04-28  1569.5  1550.0  1572.5  1536.5  1.112910e+08    71666
2023-05-02  1563.5  1487.5  1567.0  1466.0  3.191517e+08   212929
2023-05-03  1489.5  1412.0  1495.0  1400.0  5.135093e+08   354173
2023-05-04  1420.0  1430.0  1446.0  1406.0  2.031600e+08   142417
2023-05-05  1438.0  1408.5  1439.0  1401.0  2.152130e+08   152420
2023-05-08  1408.5  1408.0  1420.0  1401.5  8.835608e+07    62717
2023-05-10  1413.0  1440.5  1440.5  1400.0  3.659106e+08   256425
2023-05-11  1445.0  1438.0  1474.0  1415.0  3.927003e+08   271137
2023-05-12  1442.5  1447.0  1460.0  1422.5  1.511020e+08   104597
2023-05-15  1454.0  1470.0  1473.0  1453.0  1.294360e+08    88383
2023-05-16  1474.5  1483.5  1486.0  1459.5  1.385272e+08    94071
2023-05-17  1493.5  1466.0  1493.5  1455.0  1.142113e+08    77844
2023-05-18  1469.0  1458.0  1469.0  1431.0  1.529340e+08   105246
2023-05-19  1458.0  1464.5  1469.0  1440.5  1.325163e+08    90865
2023-05-22  1469.0  1498.5  1503.0  1461.0  2.144622e+08   144684
2023-05-23  1500.0  1497.0  1511.5  1480.0  1.978404e+08   131927
2023-05-24  1505.0  1500.0  1509.5  1481.5  1.586109e+08   105890
2023-05-25  1500.0  1488.0  1503.5  1461.0  1.470403e+08    98990
2023-05-26  1492.5  1503.0  1509.0  1490.0  1.411786e+08    93950
2023-05-29  1512.0  1529.0  1534.0  1506.0  2.281373e+08   149852
2023-05-30  1520.5  1496.0  1522.5  1351.5  4.122601e+08   277215
2023-05-31  1497.5  1495.5  1500.0  1471.5  1.474155e+08    99218
2023-06-01  1499.5  1502.0  1510.5  1483.0  2.023131e+08   135069
2023-06-02  1500.0  1510.0  1528.5  1490.0  2.351718e+08   155997
2023-06-05  1514.5  1483.0  1522.5  1472.0  1.992305e+08   133111
2023-06-06  1479.0  1474.5  1489.5  1459.0  1.828407e+08   124527
2023-06-07  1479.0  1484.5  1502.0  1468.5  1.726923e+08   116047
2023-06-08  1488.5  1514.0  1520.0  1477.5  2.442092e+08   162347
2023-06-09  1515.0  1497.0  1517.0  1495.0  1.258675e+08    83629
2023-06-13  1499.0  1535.5  1541.0  1495.5  3.843767e+08   252676
2023-06-14  1540.0  1546.5  1556.0  1509.5  3.985308e+08   259071
2023-06-15  1553.0  1553.5  1559.5  1520.0  4.961899e+08   322837
2023-06-16  1549.5  1539.5  1550.5  1530.0  2.577237e+08   167524
2023-06-19  1549.0  1544.5  1554.5  1520.0  2.473876e+08   161040
2023-06-20  1545.0  1526.0  1547.5  1511.0  2.338865e+08   153116
2023-06-21  1531.0  1528.0  1540.0  1520.0  1.921305e+08   125603
2023-06-22  1528.0  1522.5  1545.0  1521.0  2.235494e+08   145855
2023-06-23  1520.0  1477.5  1532.5  1473.0  2.813831e+08   186909
2023-06-26  1517.0  1488.0  1517.0  1450.0  2.933632e+08   196744
2023-06-27  1490.0  1498.5  1515.0  1480.0  2.380685e+08   159012
2023-06-28  1504.5  1507.0  1514.0  1493.0  1.395936e+08    92860
2023-06-29  1517.0  1521.0  1522.0  1505.5  2.069643e+08   136661
2023-06-30  1521.5  1511.0  1523.5  1504.0  1.218675e+08    80496
2023-07-03  1511.5  1523.0  1530.0  1510.0  1.539378e+08   101010
2023-07-04  1523.0  1517.5  1532.0  1515.0  1.582985e+08   104238
2023-07-05  1520.0  1534.5  1550.0  1519.0  1.791901e+08   117307
2023-07-06  1539.5  1529.5  1545.0  1520.0  1.472803e+08    96264
2023-07-07  1529.5  1528.0  1533.5  1506.0  1.718537e+08   112732
2023-07-10  1532.0  1548.5  1557.0  1529.0  2.310100e+08   149600
2023-07-11  1553.5  1597.5  1606.0  1545.0  6.959016e+08   439149
2023-07-12  1608.5  1707.5  1712.0  1601.5  3.616605e+09  2165620
2023-07-13  1710.0  1721.5  1734.0  1681.5  2.548782e+09  1489740
2023-07-14  1713.5  1734.0  1745.0  1694.5  1.261659e+09   733081
2023-07-17  1731.5  1841.0  1849.0  1725.0  2.574304e+09  1430491
2023-07-18  1844.0  1830.5  1855.0  1792.5  2.803224e+09  1533595
2023-07-19  1830.0  1958.0  1990.0  1829.0  4.505669e+09  2335189
2023-07-20  1965.0  1931.5  2015.0  1871.5  4.020762e+09  2063327
2023-07-21  1930.0  1943.0  1966.5  1912.0  1.015047e+09   522710
2023-07-24  1946.0  1972.0  1980.0  1933.0  1.059427e+09   541094
2023-07-25  1985.0  2082.5  2084.0  1977.5  3.162961e+09  1552165
2023-07-26  2082.5  2052.5  2133.0  2022.0  2.016770e+09   968519
2023-07-27  2059.0  2044.0  2063.5  2017.0  1.245287e+09   610565
2023-07-28  2043.0  2132.0  2158.5  2027.0  2.717458e+09  1283917
2023-07-31  2140.0  2119.0  2148.0  2091.0  1.423588e+09   672929
2023-08-01  2131.0  2103.0  2144.0  2078.5  1.169055e+09   554039
2023-08-02  2103.0  2099.0  2117.0  2094.5  5.717818e+08   271903
2023-08-03  2100.0  2205.0  2244.0  2060.0  3.105401e+09  1435190
2023-08-04  2210.0  2120.5  2229.0  2062.5  2.426037e+09  1127760
2023-08-07  2134.5  2076.5  2159.0  2067.0  1.064676e+09   503089
2023-08-08  2075.0  2204.0  2208.5  2018.5  2.409715e+09  1135537
2023-08-09  2210.0  2180.5  2225.0  2165.0  1.371470e+09   625155
2023-08-10  2180.0  2197.0  2206.0  2171.5  5.755336e+08   262536
2023-08-11  2202.0  2204.5  2220.0  2186.0  8.643147e+08   392802
2023-08-14  2210.0  2159.0  2277.0  2123.5  2.600608e+09  1175437
2023-08-15  2154.5  2161.0  2235.0  2101.0  1.866243e+09   849808
2023-08-16  2172.0  2150.0  2196.0  2091.5  1.260471e+09   588900
2023-08-17  2175.0  2229.0  2241.0  2125.0  1.566255e+09   709963
2023-08-18  2230.0  2237.5  2260.0  2211.5  1.247563e+09   557717
2023-08-21  2249.0  2281.5  2285.5  2222.5  1.434903e+09   636258
2023-08-22  2290.0  2315.0  2350.0  2250.0  1.642815e+09   713669
2023-08-23  2315.5  2299.0  2359.5  2280.0  1.975173e+09   851349
2023-08-24  2315.0  2334.5  2344.0  2295.5  4.997008e+08   215469
2023-08-25  2342.0  2347.5  2357.0  2325.0  6.310833e+08   268920
2023-08-28  2354.0  2369.5  2379.0  2351.5  4.588021e+08   193625
2023-08-29  2369.5  2350.0  2373.5  2326.5  5.714489e+08   243428
2023-08-30  2349.5  2328.0  2355.0  2307.0  4.895889e+08   210160
2023-08-31  2326.5  2332.5  2337.5  2290.0  6.999333e+08   302771
2023-09-01  2333.0  2321.5  2348.0  2306.0  5.396076e+08   232513
2023-09-04  2330.0  2366.0  2373.0  2320.0  6.113325e+08   260042
2023-09-05  2370.0  2342.0  2403.0  2301.0  1.416312e+09   601620
2023-09-06  2342.0  2325.5  2346.0  2320.0  3.479198e+08   149153
2023-09-07  2325.0  2243.5  2333.0  2211.5  9.522834e+08   419125
2023-09-08  2240.0  2263.0  2302.5  2172.0  9.742811e+08   435176
2023-09-11  2260.0  2326.5  2349.0  2210.0  1.825184e+09   790503
2023-09-12  2340.5  2410.0  2413.0  2331.0  1.277954e+09   537982
2023-09-13  2410.5  2374.5  2413.0  2349.5  8.189947e+08   344116
2023-09-14  2378.0  2368.0  2397.0  2273.0  1.024898e+09   435914
2023-09-15  2365.0  2426.0  2435.0  2346.5  7.381874e+08   307864
2023-09-18  2426.0  2392.0  2445.0  2366.0  8.867053e+08   368540
2023-09-19  2392.0  2299.0  2395.0  2287.0  9.513531e+08   407187
2023-09-20  2300.0  2251.0  2308.5  2205.0  1.048561e+09   464655
2023-09-21  2251.0  2141.0  2254.5  2130.0  9.989343e+08   453934
2023-09-22  2150.0  2126.5  2171.0  2104.0  1.490894e+09   698940
2023-09-25  2141.5  2115.0  2148.0  2080.5  6.832210e+08   322853
2023-09-26  2115.0  2223.0  2245.5  2092.0  1.312801e+09   602212
2023-09-27  2235.0  2246.0  2290.5  2201.0  1.208130e+09   536772
2023-09-28  2247.0  2252.0  2262.5  2220.0  5.423447e+08   241709
2023-09-29  2250.0  2234.0  2272.5  2226.5  4.918854e+08   218833
2023-10-02  2234.0  2259.5  2272.0  2230.0  5.196872e+08   230581
2023-10-03  2255.5  2321.5  2325.0  2230.5  9.290959e+08   406602
2023-10-04  2325.0  2289.5  2327.5  2275.0  5.161776e+08   224416
2023-10-05  2290.0  2280.0  2294.5  2253.0  3.026308e+08   132979
2023-10-06  2286.5  2296.0  2317.5  2260.5  4.782525e+08   208769
2023-10-09  2302.0  2302.0  2315.0  2290.5  3.441759e+08   149300
2023-10-10  2313.0  2344.0  2348.0  2295.0  4.599425e+08   197832
2023-10-11  2345.0  2323.0  2359.0  2315.0  6.595788e+08   282316
2023-10-12  2315.0  2325.5  2339.0  2310.0  2.802127e+08   120537
2023-10-13  2328.0  2329.0  2334.0  2320.0  1.949031e+08    83783
2023-10-16  2349.5  2401.5  2402.0  2339.0  1.044263e+09   439147
2023-10-17  2408.5  2385.0  2425.0  2371.5  9.924018e+08   414959
2023-10-18  2385.0  2374.0  2395.0  2350.5  5.765262e+08   242843
2023-10-19  2365.5  2376.5  2396.5  2350.0  4.785780e+08   201734
2023-10-20  2382.0  2389.0  2409.5  2335.0  5.501953e+08   231332
2023-10-23  2399.5  2379.0  2409.0  2360.0  5.799667e+08   243885
2023-10-24  2379.0  2401.0  2409.5  2351.5  7.876318e+08   330616
2023-10-25  2409.5  2414.5  2440.0  2395.0  1.103531e+09   456379
2023-10-26  2423.0  2372.0  2425.0  2371.5  8.103369e+08   339019
2023-10-27  2374.0  2366.0  2392.5  2352.0  4.174587e+08   175767
2023-10-30  2366.0  2333.5  2370.5  2330.0  4.229899e+08   180404
2023-10-31  2333.5  2271.5  2336.0  2255.5  8.410704e+08   368544
2023-11-01  2271.5  2271.0  2299.5  2261.5  4.133275e+08   181427
2023-11-02  2272.5  2293.0  2324.0  2272.5  5.033838e+08   219119
2023-11-03  2300.0  2277.0  2307.0  2272.0  2.173059e+08    95034
2023-11-06  2281.0  2320.5  2325.0  2273.5  1.465731e+08    63758
2023-11-07  2321.0  2339.5  2351.0  2317.5  3.495122e+08   149644
2023-11-08  2345.0  2307.5  2349.0  2304.0  4.271224e+08   183904
2023-11-09  2300.5  2310.0  2332.0  2300.5  3.787206e+08   163338
2023-11-10  2310.0  2287.5  2316.5  2270.5  3.012863e+08   131623
2023-11-13  2297.5  2294.5  2307.5  2282.0  3.568170e+08   155358
2023-11-14  2294.5  2237.0  2294.5  2215.0  6.559279e+08   291323
2023-11-15  2235.0  2235.0  2255.5  2218.0  4.078138e+08   182293
2023-11-16  2240.5  2198.0  2240.5  2187.5  4.871654e+08   220306
2023-11-17  2196.5  2204.5  2208.5  2172.0  5.212753e+08   237929
2023-11-20  2204.5  2223.5  2229.0  2195.5  4.592697e+08   207541
2023-11-21  2227.0  2186.0  2227.0  2168.0  8.025123e+08   366896
2023-11-22  2181.5  2204.0  2225.0  2175.5  5.311301e+08   241548
2023-11-23  2203.0  2180.0  2221.5  2171.0  4.813954e+08   218983
2023-11-24  2188.5  2179.0  2199.5  2159.0  2.616310e+08   119998
2023-11-27  2183.0  2140.5  2194.0  2122.0  4.588897e+08   212792
2023-11-28  2145.0  2151.0  2165.0  2117.0  3.095912e+08   145013
2023-11-29  2158.5  2149.5  2193.0  2135.0  3.848608e+08   177414
2023-11-30  2150.0  2122.5  2154.0  2110.5  4.273807e+08   200534
2023-12-01  2115.0  2074.0  2139.0  2066.0  3.611171e+08   171631
2023-12-04  2060.0  2031.5  2078.5  2002.5  6.268619e+08   307609
2023-12-05  2031.5  2065.0  2075.5  2028.5  3.796744e+08   184420
2023-12-06  2070.5  2008.0  2090.0  2002.0  4.620275e+08   226580
2023-12-07  2007.5  2012.5  2035.0  1971.0  6.316667e+08   315376
2023-12-08  2015.0  2003.0  2039.5  1986.5  2.644892e+08   131429
2023-12-11  2005.0  1900.0  2005.0  1882.0  7.444331e+08   385790
2023-12-12  1907.5  1919.0  1975.0  1883.5  7.402133e+08   382727
2023-12-13  1910.0  1926.5  1940.0  1880.5  6.220796e+08   325413
2023-12-14  1930.0  1892.0  1947.5  1888.0  2.839231e+08   148125
2023-12-15  1892.0  1954.0  1969.5  1845.5  9.568694e+08   504803
2023-12-18  1972.5  2040.0  2059.5  1960.0  1.455527e+09   724210
2023-12-19  2040.0  2020.5  2045.0  2004.0  5.774039e+08   286169
2023-12-20  2021.0  2019.5  2034.5  2010.0  5.688590e+08   281462
2023-12-21  2020.0  1994.0  2023.5  1965.0  7.568840e+08   379744
2023-12-22  1994.0  1995.0  2026.0  1979.0  4.535933e+08   227001
2023-12-25  1999.5  2023.0  2036.5  1986.5  9.567195e+08   476351
2023-12-26  2031.5  2019.5  2033.5  1999.5  5.600687e+08   277907
2023-12-27  2021.5  2080.5  2097.0  2020.5  1.713106e+09   830712
2023-12-28  2090.0  2107.0  2150.0  2060.0  1.707064e+09   808783
2023-12-29  2123.5  2204.0  2210.5  2081.5  2.073569e+09   960951