begin                                                              
2023-01-03  163.00  163.52  164.36  162.33  1.044851e+09    6386140
2023-01-04  163.48  162.51  163.48  162.06  1.085745e+09    6677170
2023-01-05  162.50  161.20  162.85  160.71  1.228095e+09    7605990
2023-01-06  161.20  162.10  162.59  161.10  8.497790e+08    5247160
2023-01-09  162.99  162.71  163.49  161.88  1.585387e+09    9747070
2023-01-10  162.71  162.10  162.98  161.44  1.190523e+09    7348430
2023-01-11  162.05  165.83  167.19  161.70  4.149931e+09   25247100
2023-01-12  165.71  164.17  165.79  163.75  1.874103e+09   11374610
2023-01-13  164.30  164.56  165.73  163.50  2.015474e+09   12251190
2023-01-16  165.10  165.80  166.80  164.90  2.437421e+09   14684580
2023-01-17  165.80  162.33  165.92  162.00  2.958615e+09   18071260
2023-01-18  162.52  162.18  163.96  160.81  2.352882e+09   14474410
2023-01-19  161.99  160.53  162.49  160.01  2.515325e+09   15637850
2023-01-20  160.56  158.85  161.45  158.55  2.633982e+09   16523360
2023-01-23  158.85  160.06  160.49  158.20  2.407231e+09   15094450
2023-01-24  160.30  157.88  160.83  157.44  2.639082e+09   16620430
2023-01-25  157.90  158.99  159.13  156.71  2.457915e+09   15570640
2023-01-26  159.12  157.58  159.43  157.13  1.957311e+09   12385230
2023-01-27  157.58  159.08  159.33  156.91  1.946923e+09   12293860
2023-01-30  159.08  158.41  159.67  157.70  1.701426e+09   10740220
2023-01-31  158.41  158.10  160.00  158.00  2.400535e+09   15129060
2023-02-01  158.30  158.12  158.66  157.54  2.252681e+09   14240340
2023-02-02  158.44  158.10  158.59  157.31  1.895521e+09   11991300
2023-02-03  158.09  160.87  163.96  156.76  1.119308e+10   69539880
2023-02-06  160.68  160.14  161.76  158.91  4.503126e+09   28144330
2023-02-07  160.50  159.87  161.35  159.51  2.234075e+09   13954930
2023-02-08  160.01  158.18  160.42  157.82  2.651242e+09   16688290
2023-02-09  158.50  159.19  160.44  157.60  4.405527e+09   27661050
2023-02-10  159.07  158.68  159.46  158.32  1.567193e+09    9874270
2023-02-13  159.47  158.01  159.47  158.00  1.808640e+09   11418540
2023-02-14  157.90  156.52  158.10  155.13  2.916539e+09   18614580
2023-02-15  156.05  153.09  156.07  150.60  4.250342e+09   27565120
2023-02-16  154.01  153.56  154.50  151.62  2.652066e+09   17324800
2023-02-17  153.40  153.62  155.08  152.83  2.041944e+09   13264910
2023-02-20  153.62  153.24  154.30  151.62  2.339971e+09   15317010
2023-02-21  153.61  154.97  156.43  153.61  3.320204e+09   21395970
2023-02-22  154.89  155.31  156.40  153.50  1.806072e+09   11653990
2023-02-24  155.53  154.22  156.98  153.72  1.547378e+09    9977840
2023-02-27  153.90  156.34  157.30  153.50  2.670361e+09   17130630
2023-02-28  156.49  157.66  158.09  155.56  2.891642e+09   18437840
2023-03-01  158.00  164.50  164.56  157.99  1.098480e+10   67730800
2023-03-02  164.18  160.90  164.34  159.50  8.600471e+09   53198820
2023-03-03  161.20  162.27  163.30  160.90  3.459795e+09   21331010
2023-03-06  163.20  163.35  164.30  162.52  3.190445e+09   19513700
2023-03-07  163.80  162.57  163.85  162.00  2.257065e+09   13857120
2023-03-09  162.21  161.21  163.18  161.12  2.258109e+09   13951080
2023-03-10  160.50  160.04  161.29  159.51  2.764175e+09   17242280
2023-03-13  160.35  159.03  161.62  158.30  3.232818e+09   20242370
2023-03-14  158.89  161.00  161.40  158.55  2.809176e+09   17511280
2023-03-15  161.69  159.68  162.48  158.05  3.999602e+09   24955980
2023-03-16  159.85  159.71  160.83  158.50  3.336229e+09   20918470
2023-03-17  160.19  163.29  164.41  159.85  6.779688e+09   41756740
2023-03-20  164.40  175.70  176.86  164.14  2.197839e+10  128096680
2023-03-21  176.00  170.55  177.25  168.66  1.859762e+10  107470840
2023-03-22  170.00  168.72  171.38  167.70  6.595773e+09   38941190
2023-03-23  168.72  168.84  169.71  167.82  3.165568e+09   18755770
2023-03-24  169.23  169.03  169.49  168.01  2.492468e+09   14775980
2023-03-27  170.20  172.33  173.25  169.74  6.190973e+09   36031430
2023-03-28  172.94  171.07  172.94  169.10  4.614333e+09   27050730
2023-03-29  171.58  170.95  172.50  169.41  3.841502e+09   22448680
2023-03-30  170.78  171.71  171.80  170.02  2.517969e+09   14713810
2023-03-31  172.00  169.83  172.71  168.14  5.331860e+09   31382430
2023-04-03  170.99  170.38  171.50  169.00  3.879998e+09   22791210
2023-04-04  171.00  172.55  176.00  170.14  1.272234e+10   73197080
2023-04-05  172.55  173.86  174.48  170.58  5.691179e+09   32905650
2023-04-06  174.02  171.60  175.00  171.30  5.243774e+09   30250960
2023-04-07  171.50  173.09  173.18  171.29  3.088838e+09   17927510
2023-04-10  173.55  174.54  175.20  173.23  4.070634e+09   23369990
2023-04-11  175.50  177.18  182.50  175.20  2.111598e+10  118205120
2023-04-12  178.32  178.75  179.78  175.55  6.649787e+09   37417720
2023-04-13  179.10  178.73  180.59  176.80  5.501321e+09   30771170
2023-04-14  179.00  179.50  180.10  177.10  3.637495e+09   20380880
2023-04-17  180.85  181.99  182.15  180.08  5.197514e+09   28695010
2023-04-18  182.41  184.39  184.97  182.00  7.610477e+09   41506690
2023-04-19  184.33  182.01  185.32  180.30  8.765679e+09   47950670
2023-04-20  182.03  181.74  182.72  178.64  6.986766e+09   38613080
2023-04-21  182.00  181.72  183.49  181.21  3.814045e+09   20942550
2023-04-24  181.48  181.56  183.88  170.63  8.023728e+09   44375970
2023-04-25  181.50  178.93  182.11  178.00  5.264677e+09   29273380
2023-04-26  179.05  178.38  179.84  178.03  2.970144e+09   16609200
2023-04-27  178.24  183.95  184.87  177.62  8.971213e+09   49286970
2023-04-28  184.40  181.13  185.00  179.64  7.081387e+09   38845710
2023-05-02  181.00  177.97  181.86  175.80  5.919315e+09   33096090
2023-05-03  177.76  172.87  177.79  172.15  6.582387e+09   37664120
2023-05-04  173.23  173.66  174.24  172.01  3.544238e+09   20471210
2023-05-05  173.66  172.09  175.48  171.16  3.941511e+09   22696940
2023-05-08  172.60  170.84  172.91  170.65  1.967489e+09   11491060
2023-05-10  171.30  175.53  176.74  171.12  8.898739e+09   50981740
2023-05-11  176.19  174.13  178.11  171.61  8.831777e+09   50340780
2023-05-12  174.30  173.95  175.00  172.61  4.067980e+09   23451420
2023-05-15  174.69  179.04  179.83  173.20  9.927708e+09   56172480
2023-05-16  179.90  177.05  181.80  176.73  9.170997e+09   51242280
2023-05-17  176.90  176.30  178.38  174.72  6.519315e+09   37026420
2023-05-18  176.45  175.26  177.62  174.60  5.987332e+09   34013060
2023-05-19  174.95  174.43  175.09  172.86  5.541997e+09   31830910
2023-05-22  175.22  172.47  175.50  170.85  7.608334e+09   43986730
2023-05-23  172.88  166.59  179.60  165.10  3.053012e+10  180771400
2023-05-24  165.51  162.96  166.30  161.84  1.079526e+10   65947320
2023-05-25  163.00  162.30  163.00  160.47  6.365425e+09   39403460
2023-05-26  162.00  164.48  165.40  161.69  6.186226e+09   37679970
2023-05-29  165.90  163.60  167.05  162.45  5.595237e+09   34102090
2023-05-30  162.15  161.90  165.40  161.50  6.639782e+09   40687470
2023-05-31  161.51  162.94  163.30  160.90  3.731879e+09   22984880
2023-06-01  162.90  161.55  163.47  161.50  3.039592e+09   18719310
2023-06-02  161.01  162.58  163.40  161.01  2.736961e+09   16843170
2023-06-05  162.58  162.47  164.60  161.60  4.830792e+09   29606900
2023-06-06  162.00  163.16  163.85  161.69  2.978119e+09   18296880
2023-06-07  163.20  164.65  165.87  162.67  5.346253e+09   32420190
2023-06-08  164.65  166.18  166.60  164.14  3.588009e+09   21633750
2023-06-09  166.48  165.58  167.81  164.94  3.452601e+09   20740950
2023-06-13  165.62  168.43  168.54  165.62  3.902288e+09   23323940
2023-06-14  168.63  167.88  169.38  167.01  3.155474e+09   18772800
2023-06-15  168.00  171.86  172.00  166.66  7.662980e+09   45115400
2023-06-16  171.85  169.87  172.46  169.22  4.317363e+09   25354110
2023-06-19  170.48  170.19  171.50  168.30  3.996430e+09   23524920
2023-06-20  170.08  169.64  170.97  168.42  3.123817e+09   18394650
2023-06-21  170.18  170.20  171.78  169.16  3.284523e+09   19263530
2023-06-22  170.00  168.41  170.55  167.73  2.922962e+09   17241690
2023-06-23  168.19  165.80  168.94  165.21  5.222259e+09   31230930
2023-06-26  167.52  166.91  168.60  165.00  4.649369e+09   27845180
2023-06-27  167.42  166.45  167.45  166.00  2.322922e+09   13933250
2023-06-28  166.70  168.05  168.64  166.05  2.811395e+09   16798010
2023-06-29  168.05  167.88  169.89  167.50  3.100717e+09   18384430
2023-06-30  167.20  166.86  167.70  166.30  2.618711e+09   15690440
2023-07-03  167.29  166.82  167.80  166.70  1.787295e+09   10691490
2023-07-04  166.90  165.50  167.00  165.26  2.473261e+09   14891330
2023-07-05  166.01  165.71  166.65  165.02  2.419336e+09   14587340
2023-07-06  166.00  166.36  167.28  165.91  2.562731e+09   15375700
2023-07-07  166.50  166.34  166.81  165.80  1.703841e+09   10246700
2023-07-10  167.60  167.59  168.75  166.93  3.273531e+09   19521720
2023-07-11  167.60  168.85  169.00  167.12  2.736663e+09   16276140
2023-07-12  168.99  170.30  170.79  168.93  4.193170e+09   24651530
2023-07-13  170.51  168.96  170.93  168.12  3.382774e+09   19970470
2023-07-14  168.56  169.70  170.00  168.30  2.051443e+09   12111020
2023-07-17  169.00  170.63  171.60  168.61  4.191819e+09   24594290
2023-07-18  171.00  174.89  175.27  170.67  8.254328e+09   47642660
2023-07-19  175.50  173.04  175.70  172.51  5.655708e+09   32568590
2023-07-20  172.68  169.92  173.19  168.55  5.008734e+09   29217050
2023-07-21  170.31  171.19  171.97  169.77  2.874774e+09   16817830
2023-07-24  171.30  171.98  172.50  170.69  2.620599e+09   15265810
2023-07-25  172.20  171.86  172.70  171.40  2.405105e+09   13979060
2023-07-26  171.86  171.35  171.93  170.31  2.556725e+09   14922820
2023-07-27  171.64  172.00  173.10  171.35  2.926802e+09   16977850
2023-07-28  171.90  171.44  172.40  170.00  2.681350e+09   15616780
2023-07-31  171.98  174.33  175.14  171.80  7.024190e+09   40474660
2023-08-01  175.10  173.21  175.44  172.38  6.161373e+09   35445070
2023-08-02  172.90  174.07  175.21  172.50  6.044975e+09   34736230
2023-08-03  173.94  177.10  177.35  173.15  1.067650e+10   60808220
2023-08-04  177.00  173.46  177.88  172.80  1.159155e+10   65999320
2023-08-07  174.25  172.52  175.30  171.05  5.539636e+09   31870860
2023-08-08  172.20  172.71  173.64  170.60  5.004211e+09   29094830
2023-08-09  173.50  174.51  175.00  171.69  5.480720e+09   31584180
2023-08-10  175.22  176.65  177.10  175.00  8.970249e+09   50886330
2023-08-11  176.79  176.35  177.00  175.21  4.146308e+09   23562150
2023-08-14  178.00  177.09  183.89  175.53  2.945362e+10  163423360
2023-08-15  175.53  176.16  179.35  175.02  1.250715e+10   70539510
2023-08-16  176.23  174.14  177.10  172.90  8.505811e+09   48782530
2023-08-17  174.71  174.14  174.95  172.80  4.488849e+09   25823720
2023-08-18  174.30  175.48  175.71  173.12  3.387533e+09   19434880
2023-08-21  176.23  176.36  177.70  175.76  4.779110e+09   27050170
2023-08-22  176.40  176.48  177.00  175.18  3.203140e+09   18200810
2023-08-23  176.79  173.65  176.93  173.02  5.089357e+09   29092300
2023-08-24  174.05  174.97  175.92  173.62  2.907697e+09   16660510
2023-08-25  175.05  174.70  175.35  174.11  2.952796e+09   16900260
2023-08-28  174.75  176.20  176.80  174.75  4.454081e+09   25295280
2023-08-29  176.39  178.69  181.37  175.50  1.798673e+10  100349910
2023-08-30  178.90  177.47  178.90  176.77  6.659192e+09   37475940
2023-08-31  178.00  177.99  179.14  177.15  4.695809e+09   26372180
2023-09-01  178.00  178.22  178.85  177.60  3.068402e+09   17217010
2023-09-04  179.31  181.11  181.81  178.84  8.351929e+09   46306690
2023-09-05  181.20  182.48  182.80  179.00  1.037770e+10   57327070
2023-09-06  183.19  180.96  184.00  180.63  8.324748e+09   45647780
2023-09-07  180.95  177.64  181.68  176.50  9.210537e+09   51507780
2023-09-08  177.94  175.95  178.17  175.51  5.390935e+09   30580330
2023-09-11  176.02  174.64  177.44  174.02  4.728844e+09   26939270
2023-09-12  175.23  177.62  177.70  174.80  4.095739e+09   23280280
2023-09-13  177.80  174.94  178.00  174.30  4.202467e+09   23907000
2023-09-14  175.25  173.52  175.39  173.06  6.138758e+09   35295220
2023-09-15  173.50  173.79  174.76  173.25  3.291807e+09   18926830
2023-09-18  174.48  172.80  174.66  172.05  3.558741e+09   20549190
2023-09-19  172.99  168.93  173.94  168.60  7.383094e+09   43228590
2023-09-20  169.30  169.11  170.25  167.10  5.780049e+09   34236440
2023-09-21  168.50  165.85  169.38  165.72  5.085064e+09   30389420
2023-09-22  166.12  166.70  167.00  165.10  3.747349e+09   22550620
2023-09-25  166.70  165.87  168.05  165.20  4.045203e+09   24330710
2023-09-26  165.83  165.36  165.85  163.51  4.406159e+09   26742780
2023-09-27  165.80  165.53  166.92  165.11  3.079865e+09   18538940
2023-09-28  165.93  169.58  169.77  165.31  4.828071e+09   28834110
2023-09-29  169.20  167.09  170.39  166.60  6.055733e+09   35987790
2023-10-02  167.83  166.08  168.86  165.51  4.077382e+09   24391830
2023-10-03  166.00  166.75  167.25  164.81  2.882612e+09   17376720
2023-10-04  166.61  165.40  167.59  165.15  3.347155e+09   20157430
2023-10-05  165.70  166.06  166.10  164.84  2.532192e+09   15310360
2023-10-06  166.29  166.59  166.86  165.10  3.039374e+09   18321670
2023-10-09  167.30  167.06  167.97  166.62  3.637689e+09   21747660
2023-10-10  167.37  168.03  168.80  166.86  3.115964e+09   18583580
2023-10-11  168.50  167.89  171.40  167.30  1.014722e+10   59982320
2023-10-12  167.90  169.50  169.80  167.40  5.381001e+09   31850340
2023-10-13  169.90  170.20  170.79  167.15  6.540513e+09   38618230
2023-10-16  170.50  172.55  172.91  170.50  7.158742e+09   41588030
2023-10-17  172.75  171.97  173.30  171.03  4.603961e+09   26755630
2023-10-18  172.67  170.18  172.68  168.70  5.460248e+09   31942840
2023-10-19  169.97  170.38  171.00  168.30  5.389233e+09   31739180
2023-10-20  170.38  171.39  172.15  169.12  4.329009e+09   25370360
2023-10-23  171.80  170.39  172.44  169.90  3.409733e+09   19946320
2023-10-24  170.40  170.19  171.24  169.76  2.756747e+09   16175990
2023-10-25  170.20  169.62  170.50  169.00  3.078457e+09   18127820
2023-10-26  169.99  168.45  170.47  168.40  3.570802e+09   21080880
2023-10-27  168.36  167.26  169.45  167.17  3.625078e+09   21573910
2023-10-30  167.26  167.16  168.44  166.35  2.752708e+09   16443790
2023-10-31  167.00  167.88  168.42  166.70  2.890276e+09   17254470
2023-11-01  167.88  170.08  170.23  167.83  3.570861e+09   21107710
2023-11-02  170.44  168.18  171.31  168.00  4.490830e+09   26482540
2023-11-03  168.20  169.19  170.00  167.50  2.807007e+09   16647470
2023-11-06  169.05  169.48  170.29  168.83  1.584571e+09    9341830
2023-11-07  169.10  168.53  169.98  167.20  3.694153e+09   21854410
2023-11-08  168.80  168.49  169.44  168.47  2.601468e+09   15410210
2023-11-09  168.50  168.16  169.63  167.58  3.538018e+09   21016130
2023-11-10  168.23  168.25  168.48  167.62  2.183568e+09   12991180
2023-11-13  168.25  167.85  168.89  167.70  2.288622e+09   13608990
2023-11-14  167.27  165.86  167.29  165.62  4.224478e+09   25406310
2023-11-15  165.80  166.46  167.00  165.52  2.133662e+09   12828590
2023-11-16  166.26  165.48  166.81  165.20  2.150452e+09   12945550
2023-11-17  165.40  165.31  165.74  163.48  3.982895e+09   24194180
2023-11-20  165.20  165.51  166.64  164.64  2.096928e+09   12648660
2023-11-21  165.40  165.15  165.68  164.50  1.886647e+09   11427460
2023-11-22  165.30  165.37  166.20  164.82  1.910525e+09   11543230
2023-11-23  165.37  164.11  165.69  164.02  1.785149e+09   10824190
2023-11-24  164.20  164.71  165.19  164.10  2.237578e+09   13584670
2023-11-27  165.19  162.79  165.37  162.01  3.873569e+09   23704520
2023-11-28  162.91  164.21  164.83  161.55  2.743638e+09   16819340
2023-11-29  164.00  163.17  165.63  162.71  2.842070e+09   17322090
2023-11-30  163.17  163.23  164.62  162.12  2.012157e+09   12315690
2023-12-01  163.22  162.61  164.22  162.56  1.787548e+09   10935260
2023-12-04  162.48  160.01  162.48  159.81  3.543152e+09   22003990
2023-12-05  160.17  160.46  161.44  159.10  2.413460e+09   15034370
2023-12-06  160.73  158.74  161.41  158.50  2.485077e+09   15554310
2023-12-07  158.80  163.38  164.77  157.26  7.846301e+09   48532400
2023-12-08  163.90  161.50  164.17  160.50  3.269043e+09   20195940
2023-12-11  161.47  164.87  167.14  160.19  8.755452e+09   53056350
2023-12-12  164.87  162.46  165.54  161.82  4.154114e+09   25407880
2023-12-13  161.99  163.92  164.50  161.82  2.192311e+09   13393230
2023-12-14  164.05  160.89  164.76  160.81  2.765389e+09   16996980
2023-12-15  161.05  164.20  164.42  161.02  3.901661e+09   23929260
2023-12-18  164.99  167.00  167.32  164.99  5.510130e+09   33132260
2023-12-19  167.17  165.48  168.89  165.12  6.392816e+09   38430430
2023-12-20  165.33  163.56  165.33  163.12  4.537206e+09   27649170
2023-12-21  163.32  161.57  163.71  161.19  4.294570e+09   26473840
2023-12-22  161.91  162.09  163.20  161.62  2.504498e+09   15417240
2023-12-25  162.49  161.09  162.77  160.40  3.620946e+09   22398910
2023-12-26  161.45  161.00  161.80  160.77  2.998906e+09   18585180
2023-12-27  161.20  159.86  161.40  159.81  3.810323e+09   23733870
2023-12-28  159.98  159.14  160.38  158.22  3.967074e+09   24873460
2023-12-29  159.49  159.52  160.79  159.14  3.084350e+09   19270880