begin                                                     
2023-01-03  15346  15520  15550  15318   688927432   44503
2023-01-04  15550  15574  15682  15510   635690690   40812
2023-01-05  15590  15340  15590  15324   605959420   39304
2023-01-06  15340  15438  15490  15250   554686162   36054
2023-01-09  15438  15370  15558  15288   856577612   55382
2023-01-10  15302  15324  15348  15202   535978332   35102
2023-01-11  15334  15410  15478  15320   625053672   40572
2023-01-12  15382  15440  15588  15274   985280660   63802
2023-01-13  15438  15334  15440  15280   879560292   57354
2023-01-16  15370  15488  15570  15340  1116458780   72297
2023-01-17  15496  15294  15640  15250  1371778844   88577
2023-01-18  15294  15316  15398  15170  1000251532   65334
2023-01-19  15310  15200  15350  15102   728738888   47957
2023-01-20  15210  15154  15244  15016   734380110   48598
2023-01-23  14698  14980  14996  14580  2067939580  139258
2023-01-24  15002  14776  15084  14724  1423315510   95630
2023-01-25  14760  14882  14954  14630  1246249648   84182
2023-01-26  14904  14800  14942  14692   969744490   65531
2023-01-27  14800  15032  15088  14720  1398830600   93490
2023-01-30  15036  15150  15200  15036   885614292   58518
2023-01-31  15180  15144  15310  15034   984797982   65002
2023-02-01  15148  15258  15300  15080  1012963276   66565
2023-02-02  15290  15164  15386  15110   868923222   57173
2023-02-03  15144  14990  15156  14920  1104492498   73552
2023-02-06  15018  14942  15018  14840  1535144190  102955
2023-02-07  14954  14960  15000  14802  1197845104   80472
2023-02-08  14962  14852  15138  14816  1349422052   90138
2023-02-09  14878  14918  14998  14814  1021852772   68526
2023-02-10  14890  14840  14938  14622  1923143178  130208
2023-02-13  14840  14892  14986  14794   760915308   50960
2023-02-14  14870  14760  14952  14760   758180288   51179
2023-02-15  14756  14500  14844  14402  1620049686  110582
2023-02-16  14598  14398  14738  14316  1262956520   87232
2023-02-17  14350  14478  14510  14282   761224352   52750
2023-02-20  14478  14540  14628  14260   862872842   59861
2023-02-21  14588  14710  14730  14534   755993030   51520
2023-02-22  14740  14474  14792  14444   917832328   63106
2023-02-24  14472  14390  14530  14350   740859164   51427
2023-02-27  14374  14578  14598  14318   938382648   64664
2023-02-28  14624  14498  14628  14418   733371310   50525
2023-03-01  14520  14734  14800  14462  1137216284   77509
2023-03-02  14718  14510  14734  14460   997812034   68563
2023-03-03  14510  14562  14584  14450   476880718   32816
2023-03-06  14596  14560  14650  14500   980835614   67473
2023-03-07  14580  14676  14784  14522  1111421422   75736
2023-03-09  14676  14586  14760  14502  1141577826   78141
2023-03-10  14550  14576  14660  14470   636142466   43693
2023-03-13  14610  14554  14720  14504   750895084   51419
2023-03-14  14538  14556  14608  14510   592398936   40696
2023-03-15  14556  14464  14592  14370   764376508   52754
2023-03-16  14478  14442  14536  14300  1135910958   78817
2023-03-17  14492  14560  14616  14334  1206007454   82971
2023-03-20  14574  15044  15044  14482  2202307468  148583
2023-03-21  15050  14864  15108  14812  1203063652   80632
2023-03-22  14864  14970  15020  14750   897673670   60285
2023-03-23  15020  14932  15040  14900   787034266   52586
2023-03-24  14902  15080  15096  14902   869738616   57801
2023-03-27  15096  15184  15200  15090  1073275376   70854
2023-03-28  15202  15186  15290  15102   810216600   53345
2023-03-29  15192  15084  15206  14902  1247020788   82882
2023-03-30  15084  15024  15084  14904   678490458   45192
2023-03-31  15050  15010  15056  14910   724623556   48393
2023-04-03  15028  15084  15150  15028   923750058   61198
2023-04-04  15108  15214  15350  15086  1478111384   97117
2023-04-05  15220  15200  15240  15050   957465598   63321
2023-04-06  15202  15380  15488  15200  1845670812  119950
2023-04-07  15444  15430  15480  15350   947191284   61396
2023-04-10  15460  15500  15606  15400  1249806296   80635
2023-04-11  15548  15360  15672  15314  1672344444  108009
2023-04-12  15360  15404  15476  15180  1067701378   69551
2023-04-13  15414  15404  15476  15308   740206232   48087
2023-04-14  15448  15786  15890  15380  3691749618  235196
2023-04-17  15888  15900  15994  15770  1617781472  102042
2023-04-18  15948  15908  15968  15712  1535806900   96948
2023-04-19  15904  15918  16104  15790  2434215680  152444
2023-04-20  15916  15802  15948  15728  1499569860   94889
2023-04-21  15740  15798  15970  15420  2119306856  134644
2023-04-24  15796  15700  15850  15600  1267951700   80604
2023-04-25  15700  15538  15700  15500  1049874834   67386
2023-04-26  15588  15330  15588  15302  1662817394  107861
2023-04-27  15330  15370  15388  15202  2306642316  151079
2023-04-28  15368  14572  15370  14560  6996048584  468546
2023-05-02  14506  14542  14684  14300  4557963102  314025
2023-05-03  14552  14440  14682  14400  2579415154  177531
2023-05-04  14470  14470  14574  14380  1142294716   78894
2023-05-05  14480  14352  14542  14328   980203462   67997
2023-05-08  14346  14218  14396  14202   716876888   50273
2023-05-10  14240  14604  14688  14202  1743949574  120081
2023-05-11  14650  14476  14754  14340  1915702938  131390
2023-05-12  14484  14544  14642  14382  1226384668   84453
2023-05-15  14650  14768  14796  14550  1388088018   94367
2023-05-16  14816  14762  14848  14620   940187824   63808
2023-05-17  14762  14778  14850  14682   818250584   55399
2023-05-18  14782  14736  14932  14700   991042550   66996
2023-05-19  14694  14730  14740  14520  1065736826   72821
2023-05-22  14740  14602  14784  14580   566582616   38625
2023-05-23  14620  14648  14684  14526   811575002   55576
2023-05-24  14640  14696  14758  14564   786615576   53631
2023-05-25  14736  14562  14736  14550   709017862   48575
2023-05-26  14562  14670  14728  14552   774999220   52811
2023-05-29  14684  14654  14796  14562   976281166   66642
2023-05-30  14586  14574  14750  14526   939759858   64190
2023-05-31  14538  14580  14588  14400   762081178   52560
2023-06-01  14620  14576  14638  14480   663484086   45569
2023-06-02  14628  14782  14794  14580   902013904   61335
2023-06-05  14802  14764  15182  14706  2068197636  138172
2023-06-06  14766  14644  14814  14516  1369395454   93684
2023-06-07  14652  14628  14716  14580   626109042   42766
2023-06-08  14628  14738  14760  14584   492789750   33575
2023-06-09  14784  14840  15074  14750  1349228692   90487
2023-06-13  14850  15094  15098  14850  1024696354   68521
2023-06-14  15108  15052  15288  15000  1707204108  112853
2023-06-15  15052  15286  15344  15006  1703150234  111985
2023-06-16  15310  15362  15434  15178  1242412344   81204
2023-06-19  15348  15510  15548  15330  1574378392  101992
2023-06-20  15510  15332  15510  15200  1243464192   81065
2023-06-21  15332  15306  15446  15200  1102749246   71954
2023-06-22  15316  15178  15340  15122   718448520   47088
2023-06-23  15176  14988  15280  14938  1096269520   72317
2023-06-26  15052  14862  15200  14762  1590485876  106430
2023-06-27  14902  14842  14944  14692  1904308606  128947
2023-06-28  14920  14934  14988  14876  1386540956   92839
2023-06-29  14962  14882  15062  14786  1553834602  104237
2023-06-30  14926  14726  14946  14670  1780579222  120764
2023-07-03  14834  14702  14870  14606  2022461306  137293
2023-07-04  14730  14744  14840  14654  1672338012  113403
2023-07-05  14824  14868  14916  14748  1713309578  115400
2023-07-06  14930  15162  15290  14928  3943222736  260625
2023-07-07  15208  15080  15240  15024  1219916190   80615
2023-07-10  15230  15264  15338  15102  1929663606  126679
2023-07-11  15278  15302  15302  15180  1052225000   69045
2023-07-12  15312  15454  15514  15260  1628282000  105875
2023-07-13  15498  15540  15698  15336  2981960972  192072
2023-07-14  15532  15504  15550  15376  1198682202   77456
2023-07-17  15438  15774  15818  15404  2293572056  146897
2023-07-18  15780  16336  16344  15720  3834341218  239740
2023-07-19  16348  16546  16880  16100  4763591276  290628
2023-07-20  16622  15904  16622  15850  4574067602  282228
2023-07-21  15900  16082  16248  15882  2780467862  173110
2023-07-24  16198  16126  16282  15884  2758283654  171356
2023-07-25  16136  16260  16320  16050  1714940594  105846
2023-07-26  16270  16170  16374  16108  1801815030  111109
2023-07-27  16190  16190  16344  16180  1277662596   78541
2023-07-28  16190  16236  16296  16152  1321253532   81465
2023-07-31  16300  16712  16730  16294  3385643940  204243
2023-08-01  16800  17000  17124  16676  4356442586  256835
2023-08-02  16980  16560  16980  16520  5042116442  301025
2023-08-03  16560  16650  16676  16250  3410719636  207015
2023-08-04  16650  16338  16874  16272  4098421274  246691
2023-08-07  16350  16154  16538  16010  2750485244  168218
2023-08-08  16150  16106  16274  15862  2547410702  158528
2023-08-09  16106  16192  16242  16012  1554424530   96196
2023-08-10  16222  16464  16494  16222  1740406598  106262
2023-08-11  16470  16460  16580  16370  1525879900   92587
2023-08-14  16558  16280  16852  16190  3677952780  221914
2023-08-15  16198  16170  16506  16040  2351479756  143947
2023-08-16  16200  15908  16290  15830  2469451576  154406
2023-08-17  16000  15924  16098  15700  2431035564  153473
2023-08-18  15942  16198  16284  15748  2238452024  139737
2023-08-21  16278  16262  16334  16072  1486125632   91646
2023-08-22  16308  16270  16398  16170  1521050044   93445
2023-08-23  16300  16010  16340  15936  2425054868  150788
2023-08-24  16000  16082  16148  15964  1650004096  102795
2023-08-25  16082  16144  16146  15980  1071702722   66705
2023-08-28  16202  16780  16842  16194  4300219714  259126
2023-08-29  16798  16628  16848  16522  2441959100  146648
2023-08-30  16628  16680  16850  16506  1792616448  107444
2023-08-31  16682  16832  16970  16654  2311183766  137407
2023-09-01  16880  16786  16946  16738  1314931098   78140
2023-09-04  16850  17112  17168  16816  2583505760  151599
2023-09-05  17138  17060  17240  16904  2322835012  135911
2023-09-06  17060  16900  17072  16868  1441858700   85028
2023-09-07  16900  16466  17196  16376  5152353894  307678
2023-09-08  16498  16320  16504  16170  2317900832  141974
2023-09-11  16300  16250  16376  16144  2166552378  133294
2023-09-12  16338  16470  16548  16276  2274245642  138696
2023-09-13  16528  16392  16600  16312  1035898682   62993
2023-09-14  16392  16300  16392  16026  1891129822  116590
2023-09-15  16302  16436  16550  16266  1715889984  104381
2023-09-18  16500  16308  16540  16240  1508729990   92279
2023-09-19  16240  15998  16354  15950  2233422808  137973
2023-09-20  16002  16190  16500  15896  2636861662  163271
2023-09-21  16148  16018  16360  15958  2562335244  158764
2023-09-22  15980  15992  16120  15826  1896431208  118739
2023-09-25  16000  15872  16042  15850   862499900   54169
2023-09-26  15870  15946  16096  15730  1785423668  112316
2023-09-27  16000  16074  16092  15920   935935798   58409
2023-09-28  16090  16304  16392  16030  1730707492  106837
2023-09-29  16328  16188  16328  16034  1479193090   91381
2023-10-02  16244  16172  16348  16150   750212496   46201
2023-10-03  16172  16168  16186  16012   708027532   43988
2023-10-04  16112  16030  16270  16030  1135170866   70268
2023-10-05  16100  16172  16186  16004   959362084   59549
2023-10-06  16174  16268  16276  16056   998249918   61742
2023-10-09  16250  16256  16420  16188  1271123054   77842
2023-10-10  16258  16294  16312  16156   687162794   42328
2023-10-11  16320  16126  16420  16034  1244020178   76350
2023-10-12  16094  16278  16330  16008   986040528   60861
2023-10-13  16284  16284  16348  16216   596877958   36679
2023-10-16  16326  16432  16470  16290  1146298716   69829
2023-10-17  16460  16520  16548  16378  1218529730   73934
2023-10-18  16534  16472  16538  16308  1390196466   84470
2023-10-19  16418  16788  16850  16402  1872617772  112166
2023-10-20  16920  17122  17484  16806  6416510756  372170
2023-10-23  17200  17108  17300  16852  3241781224  190408
2023-10-24  17110  17196  17266  16954  1468892534   85612
2023-10-25  17198  17460  17534  17080  2091334192  120964
2023-10-26  17466  17250  17776  17250  3500579754  199786
2023-10-27  17260  17506  17598  17100  3711037134  213709
2023-10-30  17560  17572  17888  17530  2838374218  160279
2023-10-31  17550  17574  17640  17352  1883189394  107614
2023-11-01  17590  17804  17828  17530  1223690684   69255
2023-11-02  17800  18078  18186  17768  3914211890  217308
2023-11-03  18158  17898  18336  17816  6529226438  360938
2023-11-06  17990  17764  18002  17600  2557698858  144212
2023-11-07  17788  17690  17814  17600  1633743452   92209
2023-11-08  17688  17460  17744  17412  2729495482  155743
2023-11-09  17460  17412  17494  17290  1693282190   97343
2023-11-10  17404  17344  17410  17262  1685417086   97274
2023-11-13  17346  17410  17570  17294  1635104278   93529
2023-11-14  17400  17178  17436  17112  1920282744  111450
2023-11-15  17178  17136  17210  16908  1915984338  112272
2023-11-16  17110  17008  17240  16984  1146227664   67011
2023-11-17  16990  17168  17236  16850  1367852182   80309
2023-11-20  17164  17098  17334  17012   857649106   49991
2023-11-21  17080  17250  17250  17016  1004895368   58494
2023-11-22  17282  17218  17436  17150  1187572004   68714
2023-11-23  17220  17304  17386  17168  1068849066   61821
2023-11-24  17350  17096  17400  17050  1197336464   69721
2023-11-27  17096  17052  17240  17024  1095910806   64085
2023-11-28  17062  17056  17112  16876  1315198108   77436
2023-11-29  17072  16922  17072  16910   790383262   46549
2023-11-30  16922  16736  16950  16680  1312629896   78108
2023-12-01  16724  16646  16846  16616  1045345396   62349
2023-12-04  16644  16668  16824  16610  1211775378   72435
2023-12-05  16712  16804  16860  16676  1167816318   69628
2023-12-06  16820  16412  16890  16404  1511486824   91147
2023-12-07  16474  16912  16968  16384  2130793732  127989
2023-12-08  16938  16776  17240  16750  1511731256   89198
2023-12-11  16822  16660  16830  16600   997673682   59780
2023-12-12  16660  16478  16798  16420  1423890774   85850
2023-12-13  16404  16600  16720  16344  1247972912   75366
2023-12-14  16680  16646  16756  16582   937344166   56309
2023-12-15  16656  16988  16998  16656  2104053852  124484
2023-12-18  17002  17150  17246  16954  2019528838  118119
2023-12-19  17200  17202  17234  17030  1292847442   75589
2023-12-20  17200  17114  17346  17060  2070769726  120208
2023-12-21  17140  17082  17140  16900  1976958230  116056
2023-12-22  17106  17122  17150  17008  1892312432  110719
2023-12-25  17074  17130  17186  16920  3826209018  224046
2023-12-26  16360  16360  16434  16290  3948943644  241265
2023-12-27  16400  16310  16416  16282  1678426962  102528
2023-12-28  16310  16156  16320  16152  1241530204   76532
2023-12-29  16152  16172  16240  16150   707561488   43692