begin                                                            
2023-01-03  4367.0  4360.5  4378.0  4340.5  4.019327e+08    92147
2023-01-04  4369.5  4369.0  4383.0  4350.5  2.910303e+08    66631
2023-01-05  4370.0  4325.5  4374.5  4308.0  4.771028e+08   110050
2023-01-06  4310.0  4319.5  4329.0  4309.0  1.975210e+08    45710
2023-01-09  4324.5  4330.0  4365.0  4320.0  5.657967e+08   130304
2023-01-10  4328.0  4372.5  4378.0  4312.5  6.193955e+08   142305
2023-01-11  4379.0  4458.0  4461.0  4361.0  8.226321e+08   186034
2023-01-12  4465.0  4638.0  4664.0  4426.0  3.758953e+09   818747
2023-01-13  4640.0  4620.0  4675.0  4610.0  1.669468e+09   360425
2023-01-16  4630.5  4674.0  4688.0  4612.0  1.309202e+09   280510
2023-01-17  4685.0  4628.0  4726.5  4590.0  2.437356e+09   523049
2023-01-18  4628.0  4575.5  4658.0  4557.0  1.120279e+09   242687
2023-01-19  4579.5  4504.5  4586.0  4465.0  1.529393e+09   338491
2023-01-20  4528.0  4575.5  4577.0  4509.0  9.105479e+08   200307
2023-01-23  4581.0  4634.5  4647.5  4581.0  7.180097e+08   155186
2023-01-24  4642.0  4586.5  4676.0  4567.0  9.649643e+08   208754
2023-01-25  4587.0  4597.0  4599.0  4560.0  3.913912e+08    85481
2023-01-26  4594.0  4602.0  4637.5  4579.5  4.587108e+08    99617
2023-01-27  4609.0  4609.0  4615.0  4582.5  3.649230e+08    79282
2023-01-30  4612.0  4653.5  4663.0  4601.5  6.514473e+08   140430
2023-01-31  4658.0  4665.0  4685.0  4651.5  6.977640e+08   149446
2023-02-01  4675.0  4647.0  4676.0  4601.0  7.431520e+08   160065
2023-02-02  4648.0  4694.0  4739.0  4619.5  1.211136e+09   257842
2023-02-03  4704.0  4665.0  4707.0  4625.0  6.943458e+08   148908
2023-02-06  4670.0  4720.0  4748.5  4664.0  7.586830e+08   160765
2023-02-07  4725.5  4757.0  4774.0  4708.5  7.441548e+08   156723
2023-02-08  4770.0  4698.0  4796.0  4500.0  1.551076e+09   331190
2023-02-09  4702.0  4696.0  4739.0  4660.0  5.651517e+08   120176
2023-02-10  4695.5  4683.5  4755.0  4665.0  6.555843e+08   139278
2023-02-13  4695.0  4689.0  4710.0  4683.5  3.411445e+08    72651
2023-02-14  4681.0  4621.0  4702.5  4605.0  6.028883e+08   130087
2023-02-15  4610.0  4432.5  4619.0  4355.5  1.273275e+09   283445
2023-02-16  4465.0  4430.0  4513.5  4382.5  7.788083e+08   174886
2023-02-17  4412.0  4447.5  4465.5  4392.0  3.847636e+08    86668
2023-02-20  4447.5  4481.5  4490.0  4405.5  3.398295e+08    76416
2023-02-21  4494.5  4566.0  4590.0  4466.0  6.082705e+08   133616
2023-02-22  4570.0  4549.5  4579.0  4508.0  4.172542e+08    91721
2023-02-24  4555.0  4559.5  4596.0  4545.0  2.764861e+08    60466
2023-02-27  4535.0  4643.0  4650.0  4512.0  4.886350e+08   106082
2023-02-28  4661.0  4594.0  4677.0  4571.5  7.167982e+08   155382
2023-03-01  4604.5  4567.0  4611.5  4527.0  1.426164e+09   312887
2023-03-02  4568.0  4524.0  4568.0  4490.5  6.565088e+08   144975
2023-03-03  4520.0  4546.5  4558.5  4512.0  3.727741e+08    82023
2023-03-06  4564.5  4559.0  4574.0  4540.5  4.112095e+08    90200
2023-03-07  4559.5  4553.0  4568.5  4520.0  3.686273e+08    80984
2023-03-09  4559.0  4551.5  4588.0  4545.5  4.192589e+08    91770
2023-03-10  4540.0  4524.0  4550.0  4495.0  6.448159e+08   142577
2023-03-13  4526.5  4527.5  4554.5  4500.0  4.310494e+08    95241
2023-03-14  4527.5  4539.5  4554.5  4515.0  4.625714e+08   101902
2023-03-15  4550.5  4500.0  4570.0  4456.0  7.022584e+08   155669
2023-03-16  4511.5  4492.0  4512.0  4455.5  5.561935e+08   124223
2023-03-17  4492.0  4504.0  4522.0  4477.0  4.936319e+08   109861
2023-03-20  4509.0  4562.5  4564.0  4485.0  1.179255e+09   260375
2023-03-21  4563.5  4518.0  4596.5  4495.0  1.023222e+09   224691
2023-03-22  4520.5  4510.0  4538.0  4502.0  3.553998e+08    78686
2023-03-23  4521.0  4491.0  4528.0  4471.5  6.132200e+08   136497
2023-03-24  4490.0  4495.0  4506.0  4477.0  3.802256e+08    84673
2023-03-27  4503.0  4516.0  4542.0  4495.0  1.054692e+09   233799
2023-03-28  4526.5  4512.5  4567.0  4502.0  1.020318e+09   225323
2023-03-29  4511.5  4527.5  4555.0  4495.0  1.112162e+09   245558
2023-03-30  4528.0  4583.0  4587.5  4522.0  8.080180e+08   177790
2023-03-31  4592.0  4610.0  4700.0  4582.0  3.049874e+09   657513
2023-04-03  4632.5  4582.0  4672.0  4550.0  1.295276e+09   282448
2023-04-04  4582.0  4565.0  4624.0  4555.0  9.721620e+08   212218
2023-04-05  4579.0  4554.0  4579.0  4512.0  6.139449e+08   134985
2023-04-06  4564.0  4571.5  4586.0  4552.5  4.857531e+08   106290
2023-04-07  4571.5  4574.0  4592.0  4562.0  4.655014e+08   101721
2023-04-10  4576.0  4624.0  4628.0  4576.0  6.688546e+08   145461
2023-04-11  4629.0  4552.5  4648.5  4539.5  1.514090e+09   329558
2023-04-12  4552.5  4576.5  4590.0  4526.5  7.807002e+08   171043
2023-04-13  4577.0  4555.0  4605.0  4530.5  6.348357e+08   139311
2023-04-14  4555.0  4575.0  4588.5  4532.5  4.730677e+08   103585
2023-04-17  4625.0  4677.5  4678.0  4590.0  1.281564e+09   275940
2023-04-18  4688.5  4844.5  4847.5  4678.0  2.732658e+09   573375
2023-04-19  4844.0  4730.5  4893.0  4670.0  2.718782e+09   566526
2023-04-20  4735.0  4806.5  4859.5  4731.0  3.354350e+09   697591
2023-04-21  4830.0  4808.0  4847.5  4785.0  7.375170e+08   153257
2023-04-24  4829.0  4817.5  4858.0  4800.5  8.032232e+08   166278
2023-04-25  4836.5  4789.0  4836.5  4773.5  6.034332e+08   125764
2023-04-26  4793.0  4756.5  4817.5  4727.0  8.994750e+08   188726
2023-04-27  4756.5  4765.0  4784.5  4731.0  7.124287e+08   149777
2023-04-28  4770.0  4686.5  4777.0  4680.0  8.250032e+08   174637
2023-05-02  4686.5  4585.5  4703.5  4562.5  1.538066e+09   333637
2023-05-03  4596.0  4442.0  4600.0  4411.0  1.424566e+09   316393
2023-05-04  4460.0  4450.0  4509.0  4387.0  9.669687e+08   217146
2023-05-05  4441.0  4422.5  4482.0  4398.5  7.925550e+08   178493
2023-05-08  4428.0  4416.0  4473.5  4412.5  3.203543e+08    72236
2023-05-10  4423.0  4529.5  4546.5  4417.5  7.612524e+08   169029
2023-05-11  4544.5  4518.0  4588.0  4460.0  1.048117e+09   231283
2023-05-12  4529.5  4470.5  4544.5  4440.0  9.656901e+08   215955
2023-05-15  4483.5  4519.5  4540.0  4478.0  7.246433e+08   160626
2023-05-16  4537.0  4614.0  4659.0  4524.5  1.273327e+09   276915
2023-05-17  4620.0  4605.5  4645.0  4556.0  6.710402e+08   146137
2023-05-18  4610.0  4578.5  4619.0  4564.0  5.412061e+08   117893
2023-05-19  4578.0  4619.0  4648.0  4558.0  7.290202e+08   158258
2023-05-22  4648.0  4631.0  4678.5  4612.5  1.320726e+09   283848
2023-05-23  4623.0  4419.0  4652.0  4406.0  3.277315e+09   728076
2023-05-24  4315.5  4208.5  4424.5  4136.0  1.443771e+10  3400618
2023-05-25  4187.0  4040.0  4194.5  3965.0  8.962137e+09  2211811
2023-05-26  4039.0  4139.0  4178.5  3992.0  5.798238e+09  1408564
2023-05-29  4150.0  4121.0  4166.0  4044.0  3.033414e+09   741042
2023-05-30  4170.0  4178.0  4284.5  4134.5  5.025709e+09  1191433
2023-05-31  4178.0  4293.5  4294.5  4087.0  3.076351e+09   732249
2023-06-01  4368.0  4370.0  4390.0  4310.0  4.539673e+09  1041876
2023-06-02  4375.0  4323.5  4381.5  4285.5  2.490639e+09   576833
2023-06-05  4336.0  4213.5  4337.0  4181.0  2.208315e+09   519020
2023-06-06  4211.0  4234.5  4262.5  4140.0  1.703075e+09   407570
2023-06-07  4249.5  4250.5  4286.0  4213.0  1.383210e+09   325554
2023-06-08  4240.0  4260.0  4289.0  4220.0  8.489087e+08   199161
2023-06-09  4246.0  4230.0  4267.5  4229.0  6.428049e+08   151384
2023-06-13  4251.5  4365.0  4374.0  4239.5  1.636970e+09   379371
2023-06-14  4369.0  4351.0  4383.5  4320.0  1.316119e+09   302992
2023-06-15  4359.5  4513.0  4540.0  4321.0  5.769182e+09  1290188
2023-06-16  4501.0  4896.5  4940.0  4462.5  1.444439e+10  3036391
2023-06-19  4988.5  4885.0  5138.0  4877.0  1.341601e+10  2693764
2023-06-20  4884.5  4898.0  4926.5  4818.0  3.862803e+09   792337
2023-06-21  4901.0  4982.5  4998.0  4860.0  2.887999e+09   584551
2023-06-22  4982.0  4901.0  4993.5  4874.5  2.052586e+09   415104
2023-06-23  4875.0  4725.0  4918.0  4690.5  3.437789e+09   715599
2023-06-26  4839.0  4779.5  4881.0  4601.5  4.138857e+09   868763
2023-06-27  4790.0  4837.5  4880.0  4751.0  1.790877e+09   370901
2023-06-28  4833.0  5190.0  5194.0  4806.0  1.347509e+10  2681346
2023-06-29  5201.0  5133.0  5216.0  5085.5  6.312229e+09  1228001
2023-06-30  5140.0  5156.0  5178.5  5087.5  2.989745e+09   581609
2023-07-03  5161.5  5267.0  5356.0  5152.5  6.465732e+09  1226413
2023-07-04  5278.5  5270.0  5312.5  5168.0  4.405099e+09   840774
2023-07-05  5299.0  5346.5  5374.5  5280.0  4.172086e+09   781733
2023-07-06  5347.0  5289.0  5365.0  5280.0  1.973727e+09   371952
2023-07-07  5291.0  5325.0  5359.0  5255.0  1.886552e+09   354884
2023-07-10  5351.0  5490.0  5519.5  5313.0  4.290513e+09   790288
2023-07-11  5508.0  5511.0  5617.5  5462.0  4.640368e+09   836998
2023-07-12  5528.0  5495.0  5565.0  5471.0  1.981150e+09   359267
2023-07-13  5500.5  5487.5  5533.0  5451.0  1.580444e+09   287636
2023-07-14  5480.0  5506.0  5523.5  5461.0  1.155073e+09   209973
2023-07-17  5485.0  5563.5  5588.0  5457.0  2.071091e+09   373168
2023-07-18  5563.5  5683.0  5714.5  5550.5  4.006624e+09   707910
2023-07-19  5685.0  5647.0  5814.0  5592.0  4.300494e+09   752745
2023-07-20  5664.0  5496.0  5664.0  5490.0  2.868435e+09   513018
2023-07-21  5495.0  5733.0  5745.0  5410.0  5.056363e+09   893018
2023-07-24  5735.5  5816.5  5903.0  5728.0  6.279298e+09  1077878
2023-07-25  5832.0  5900.0  5945.0  5805.0  3.388446e+09   576749
2023-07-26  5916.5  5825.0  6023.0  5821.5  7.827136e+09  1324715
2023-07-27  5880.0  5801.5  5900.0  5720.5  3.978766e+09   685651
2023-07-28  5819.5  5803.0  5830.0  5733.0  1.925096e+09   332504
2023-07-31  5824.5  5797.5  5840.0  5765.0  2.342681e+09   404240
2023-08-01  5796.0  5760.5  5796.0  5747.0  1.980728e+09   343676
2023-08-02  5759.0  5796.5  5825.0  5737.5  1.629852e+09   281722
2023-08-03  5820.0  5808.0  5820.0  5762.5  1.412802e+09   243788
2023-08-04  5819.0  5657.5  5819.0  5541.5  4.186743e+09   733728
2023-08-07  5693.0  5590.0  5815.0  5557.0  3.905265e+09   682619
2023-08-08  5589.0  5666.5  5673.5  5475.0  3.630522e+09   652411
2023-08-09  5669.0  5607.0  5720.0  5575.5  2.373016e+09   420489
2023-08-10  5614.0  5718.0  5860.0  5561.0  5.166359e+09   904925
2023-08-11  5734.0  5691.0  5750.0  5645.0  2.582783e+09   453459
2023-08-14  5715.0  5522.5  5742.5  5485.0  4.767149e+09   845368
2023-08-15  5502.5  5549.5  5664.0  5435.0  2.922832e+09   524142
2023-08-16  5555.0  5500.0  5585.0  5400.0  2.641197e+09   482749
2023-08-17  5525.0  5557.0  5596.5  5460.0  2.158063e+09   389456
2023-08-18  5559.0  5666.0  5668.0  5506.0  2.452962e+09   437894
2023-08-21  5699.5  5918.0  5986.0  5652.5  7.939586e+09  1357412
2023-08-22  5925.0  5902.0  5988.0  5835.0  4.595232e+09   776199
2023-08-23  5914.0  5726.0  5936.0  5712.5  3.907135e+09   672950
2023-08-24  5756.5  5865.0  5880.0  5733.0  2.206751e+09   380223
2023-08-25  5900.0  5888.0  5947.0  5880.5  3.224273e+09   545408
2023-08-28  5910.0  5984.5  6000.0  5850.5  3.189633e+09   536924
2023-08-29  5995.0  5978.0  6144.5  5926.0  8.535563e+09  1412372
2023-08-30  5978.0  5935.5  5985.0  5836.5  4.639005e+09   784508
2023-08-31  5937.0  6080.0  6100.0  5937.0  4.532323e+09   749240
2023-09-01  6090.0  6078.0  6100.0  6003.0  2.214616e+09   365859
2023-09-04  6099.0  6102.0  6130.5  6060.5  1.730292e+09   283698
2023-09-05  6110.5  6035.0  6110.5  6001.0  2.139883e+09   353823
2023-09-06  6030.0  5906.0  6035.0  5900.0  1.968355e+09   330895
2023-09-07  5900.5  5745.5  5955.0  5670.0  3.754432e+09   647491
2023-09-08  5762.5  5704.5  5798.0  5585.0  3.995931e+09   702542
2023-09-11  5695.0  5605.0  5747.5  5563.0  2.755520e+09   489160
2023-09-12  5649.0  5784.5  5793.0  5630.0  2.655242e+09   465085
2023-09-13  5779.5  5654.5  5793.0  5618.5  1.369614e+09   239543
2023-09-14  5656.0  5795.0  5895.0  5577.0  3.932258e+09   686357
2023-09-15  5791.5  5795.0  5871.0  5710.5  2.702852e+09   465452
2023-09-18  5849.0  5775.0  5849.0  5700.0  1.895328e+09   328597
2023-09-19  5769.0  5558.0  5775.0  5540.0  3.101569e+09   550758
2023-09-20  5564.0  5491.0  5590.0  5457.5  2.932349e+09   531822
2023-09-21  5470.5  5283.0  5494.0  5251.0  4.915343e+09   915890
2023-09-22  5300.0  5475.0  5480.0  5222.5  3.595484e+09   670240
2023-09-25  5461.0  5407.5  5505.0  5350.0  1.439616e+09   265973
2023-09-26  5390.5  5405.0  5419.5  5293.0  1.592870e+09   297764
2023-09-27  5420.0  5495.0  5535.0  5411.0  2.138922e+09   390034
2023-09-28  5502.0  5551.5  5557.0  5475.0  1.418186e+09   256510
2023-09-29  5560.0  5505.0  5580.0  5481.0  1.572407e+09   284430
2023-10-02  5535.5  5489.0  5590.0  5470.0  1.412867e+09   255321
2023-10-03  5489.0  5461.0  5496.0  5397.0  1.542395e+09   283781
2023-10-04  5422.5  5457.0  5500.0  5411.0  9.476645e+08   173532
2023-10-05  5458.0  5425.5  5478.0  5388.0  9.805761e+08   180726
2023-10-06  5445.0  5430.5  5449.0  5365.0  1.267373e+09   234840
2023-10-09  5432.0  5518.0  5546.0  5432.0  1.129633e+09   206004
2023-10-10  5525.0  5656.0  5795.0  5503.5  3.234506e+09   573655
2023-10-11  5674.5  5550.5  5715.0  5505.0  3.046273e+09   541666
2023-10-12  5540.0  5562.0  5589.0  5516.0  1.013977e+09   182553
2023-10-13  5565.0  5599.5  5642.0  5510.0  1.455479e+09   261073
2023-10-16  5610.0  5665.0  5689.5  5605.0  1.202331e+09   212725
2023-10-17  5672.0  5764.5  5789.5  5640.0  2.281246e+09   397296
2023-10-18  5764.5  5753.0  5788.0  5675.0  1.637937e+09   285576
2023-10-19  5781.0  5795.5  5862.5  5730.0  2.558408e+09   441526
2023-10-20  5794.0  5839.0  5850.0  5737.0  1.570698e+09   270862
2023-10-23  5840.0  5973.5  5988.5  5840.0  4.112680e+09   691922
2023-10-24  5982.0  6073.0  6090.0  5925.5  4.366584e+09   724264
2023-10-25  6073.0  6046.5  6137.5  6002.0  2.540911e+09   417358
2023-10-26  6040.0  5913.0  6072.5  5888.0  2.597805e+09   434469
2023-10-27  5932.0  6015.0  6090.0  5867.5  3.299056e+09   551342
2023-10-30  6022.0  5948.0  6055.5  5931.5  1.648312e+09   275365
2023-10-31  5934.0  5818.0  5946.5  5777.5  2.521219e+09   430589
2023-11-01  5815.0  5874.0  5924.5  5810.0  1.177541e+09   200253
2023-11-02  5877.0  5847.0  5927.0  5840.0  9.420461e+08   160039
2023-11-03  5860.0  5866.5  5892.0  5817.0  7.550659e+08   128997
2023-11-06  5873.0  5896.5  5949.5  5859.0  8.056355e+08   136700
2023-11-07  5890.0  6044.5  6078.0  5865.0  2.514586e+09   418934
2023-11-08  6055.0  6090.0  6175.0  6028.5  3.379597e+09   552321
2023-11-09  6096.0  6079.5  6115.5  5992.0  1.990793e+09   328658
2023-11-10  6078.0  6015.5  6110.0  5995.0  1.171346e+09   193873
2023-11-13  6020.0  6061.0  6119.5  5974.0  1.412363e+09   233155
2023-11-14  6062.0  5940.0  6088.5  5911.0  2.987642e+09   498702
2023-11-15  5916.5  5935.0  5973.5  5851.0  2.795889e+09   472151
2023-11-16  5940.5  5823.0  5956.0  5817.5  1.291319e+09   219430
2023-11-17  5811.0  5903.5  5930.0  5760.5  1.588877e+09   271721
2023-11-20  5903.5  5931.0  6005.5  5903.5  1.406716e+09   236127
2023-11-21  5931.0  5952.0  5980.0  5900.5  1.239700e+09   208915
2023-11-22  5967.0  6045.5  6049.0  5952.5  1.677906e+09   279496
2023-11-23  6046.0  6259.0  6350.0  5988.0  1.033780e+10  1662085
2023-11-24  6240.0  6323.0  6388.0  6165.5  1.083780e+10  1728347
2023-11-27  6348.0  6290.0  6390.0  6260.0  4.090164e+09   647877
2023-11-28  6319.0  6347.5  6353.0  6261.0  2.228046e+09   353476
2023-11-29  6350.5  6377.5  6447.0  6300.5  2.079140e+09   326186
2023-11-30  6377.5  6354.0  6434.5  6275.0  2.460609e+09   387570
2023-12-01  6370.0  6405.5  6480.0  6330.5  3.001867e+09   467590
2023-12-04  6425.0  6265.0  6438.5  6265.0  2.560924e+09   404342
2023-12-05  6266.5  6333.5  6334.0  6225.0  1.369799e+09   218129
2023-12-06  6339.0  6352.0  6479.5  6287.5  2.652754e+09   415212
2023-12-07  6362.0  6264.0  6390.0  6231.0  1.928371e+09   305968
2023-12-08  6275.5  6170.0  6295.0  6162.0  1.482979e+09   238483
2023-12-11  6170.0  6058.5  6193.0  6005.0  1.942960e+09   319313
2023-12-12  6068.5  6071.5  6137.5  6022.0  1.531355e+09   251565
2023-12-13  6048.0  6096.5  6128.0  6026.5  8.012829e+08   131587
2023-12-14  6109.5  6072.5  6165.5  6030.0  1.224301e+09   200580
2023-12-15  6072.0  6362.0  6398.0  6057.0  2.689954e+09   430288
2023-12-18  6375.0  6464.5  6472.5  6318.0  2.068520e+09   322314
2023-12-19  6472.5  6477.5  6495.5  6377.5  1.373806e+09   213295
2023-12-20  6490.0  6692.5  6768.0  6478.0  4.054267e+09   610722
2023-12-21  6694.5  6704.5  6748.5  6590.0  2.534412e+09   379933
2023-12-22  6705.5  6680.0  6741.0  6645.0  1.547190e+09   231414
2023-12-25  6685.0  6939.5  6939.5  6685.0  4.047523e+09   592977
2023-12-26  6944.0  6920.5  6975.0  6859.5  2.587595e+09   374409
2023-12-27  6944.0  6982.5  7018.5  6907.5  2.327981e+09   333348
2023-12-28  7002.0  6970.0  7014.5  6875.0  1.695037e+09   243885
2023-12-29  6970.0  7006.0  7018.0  6930.5  1.599204e+09   229018