<DATE> <TIME> <OPEN> <HIGH> <LOW> <CLOSE> <VOL>
240103 100000 248.8500000 250.0000000 248.8000000 249.3500000 89530
240103 103000 249.3500000 250.9000000 249.3000000 250.4000000 102170
240103 110000 250.2500000 250.4000000 250.0500000 250.4000000 32970
240103 113000 250.4000000 250.7000000 250.0500000 250.5000000 40730
240103 120000 250.5000000 250.6500000 250.3500000 250.6500000 24560
240103 123000 250.6000000 250.7000000 250.3000000 250.5000000 28740
240103 130000 250.4500000 250.5000000 250.0500000 250.3000000 31030
240103 133000 250.3000000 250.6000000 250.2500000 250.3500000 26380
240103 140000 250.3000000 250.3500000 250.0500000 250.3000000 18240
240103 143000 250.3000000 250.3500000 250.0500000 250.0500000 21800
240103 150000 250.1000000 250.4000000 250.0500000 250.4000000 18530
240103 153000 250.4000000 250.5500000 249.6000000 249.6000000 145090
240103 160000 249.7000000 249.9000000 249.5500000 249.7500000 28190
240103 163000 249.7500000 249.8500000 249.4500000 249.6500000 30920
240103 170000 249.6500000 249.9000000 249.4000000 249.9000000 29300
240103 173000 249.8000000 250.8000000 249.7000000 250.4500000 88920
240103 180000 250.4500000 250.7000000 250.2500000 250.6500000 42770
240103 183000 250.6000000 250.6000000 249.5500000 249.5500000 84790
240103 190000 249.9000000 250.2000000 249.7500000 250.0000000 24820
240103 193000 249.9000000 250.0500000 249.7500000 249.8500000 10660
240103 200000 249.8500000 250.0500000 249.8000000 250.0500000 10580
240103 203000 250.0500000 250.1000000 249.9000000 250.0500000 8020
240103 210000 250.0000000 250.2000000 250.0000000 250.2000000 4380
240103 213000 250.1500000 250.4000000 250.0000000 250.2500000 13220
240103 220000 250.2500000 250.3500000 250.0500000 250.1500000 6210
240103 223000 250.2000000 250.4000000 250.0500000 250.1500000 14850
240103 230000 250.1500000 250.3000000 250.0500000 250.3000000 9010
240103 233000 250.3000000 250.4000000 250.0500000 250.2000000 21720
240104 100000 250.0000000 250.7500000 250.0000000 250.5500000 50430
240104 103000 250.6000000 250.7000000 250.0000000 250.0500000 94830
240104 110000 250.0000000 250.0500000 249.7000000 249.9500000 44940
240104 113000 249.9500000 250.1000000 249.9000000 250.1000000 68460
240104 120000 250.0500000 250.5000000 249.7000000 249.9000000 134730
240104 123000 249.9000000 250.0500000 248.3000000 248.5000000 189960
240104 130000 248.5000000 249.2500000 248.5000000 249.2000000 47170
240104 133000 249.2000000 249.4000000 249.0500000 249.1500000 13840
240104 140000 249.3000000 249.4500000 249.2000000 249.4000000 7570
240104 143000 249.4000000 249.7500000 249.0000000 249.7500000 79210
240104 150000 249.7500000 249.8000000 249.5500000 249.8000000 21590
240104 153000 249.8000000 250.1500000 249.6500000 250.1500000 48220
240104 160000 250.1500000 250.3000000 249.5500000 249.9000000 26470
240104 163000 249.9000000 249.9000000 249.7000000 249.7500000 7380
240104 170000 249.7500000 249.8500000 249.5000000 249.7000000 18610
240104 173000 249.7500000 249.9000000 249.7000000 249.8000000 7010
240104 180000 249.8500000 250.1500000 249.7500000 250.1500000 26370
240104 183000 250.0500000 250.9500000 249.9000000 250.9500000 190390
240104 190000 250.9000000 250.9000000 250.3000000 250.6500000 80310
240104 193000 250.6000000 250.6500000 250.2000000 250.2500000 29030
240104 200000 250.2000000 250.4500000 250.0000000 250.3000000 30690
240104 203000 250.3000000 250.5000000 250.1000000 250.2500000 9660
240104 210000 250.2500000 250.3000000 250.1000000 250.2000000 5820
240104 213000 250.2000000 250.3500000 250.1000000 250.3000000 10520
240104 220000 250.3000000 250.6500000 250.2000000 250.2500000 30850
240104 223000 250.2500000 250.5500000 250.2000000 250.5000000 7020
240104 230000 250.5000000 250.5500000 250.2500000 250.4500000 15330
240104 233000 250.4500000 250.6500000 250.2500000 250.4000000 12000
240105 100000 250.7000000 250.7000000 250.1000000 250.5000000 42870
240105 103000 250.5000000 251.9000000 250.4000000 251.4000000 185850
240105 110000 251.4000000 251.4500000 250.0500000 250.9500000 69020
240105 113000 250.9000000 251.1500000 250.5000000 250.9500000 44870
240105 120000 251.1000000 251.1500000 250.6500000 250.9500000 11860
240105 123000 250.8000000 251.0000000 250.7000000 250.8500000 13880
240105 130000 250.8500000 251.3000000 250.8000000 251.3000000 25940
240105 133000 251.3000000 251.5500000 251.1500000 251.4500000 37150
240105 140000 251.4000000 251.6500000 251.3500000 251.5500000 35780
240105 143000 251.5500000 252.7500000 251.3500000 252.1000000 298860
240105 150000 252.1000000 252.3500000 251.7500000 252.0500000 71710
240105 153000 252.1000000 252.1500000 251.7000000 252.1000000 39830
240105 160000 252.1000000 252.7000000 252.0500000 252.5500000 80340
240105 163000 252.6000000 252.6000000 252.4000000 252.4500000 33940
240105 170000 252.4500000 252.4500000 251.7000000 252.0000000 70230
240105 173000 252.0000000 252.8000000 251.8000000 252.5500000 107210
240105 180000 252.5500000 252.7500000 252.1000000 252.1500000 55250
240105 183000 252.1000000 252.3500000 250.9000000 250.9000000 374940
240105 190000 251.2000000 251.4500000 251.0000000 251.3500000 129070
240105 193000 251.4000000 251.4500000 250.9500000 251.0500000 59330
240105 200000 251.0500000 251.7500000 251.0000000 251.6000000 67390
240105 203000 251.6000000 251.6000000 251.5000000 251.6000000 6860
240105 210000 251.6000000 251.7000000 251.5500000 251.6000000 13330
240105 213000 251.6000000 251.6500000 251.4500000 251.6000000 26560
240105 220000 251.5500000 251.6500000 251.4500000 251.5000000 13180
240105 223000 251.4500000 251.6000000 251.3500000 251.5000000 12120
240105 230000 251.4500000 251.6000000 251.2500000 251.3000000 23930
240105 233000 251.3500000 251.6000000 251.3000000 251.6000000 19410
240108 100000 252.0000000 252.4500000 250.4000000 251.4500000 200220
240108 103000 251.6000000 251.7500000 251.1500000 251.6000000 43830
240108 110000 251.6500000 252.0500000 251.5000000 252.0500000 50410
240108 113000 252.0500000 252.2500000 251.5000000 251.7500000 50850
240108 120000 251.9500000 251.9500000 251.0500000 251.1500000 45820
240108 123000 251.2500000 251.2500000 251.0000000 251.1000000 31740
240108 130000 251.0500000 251.4000000 251.0000000 251.1500000 37980
240108 133000 251.2500000 251.6000000 251.1500000 251.4000000 19880
240108 140000 251.4000000 254.2500000 251.4000000 254.1000000 483710
240108 143000 254.2000000 255.0000000 253.0500000 254.1500000 364950
240108 150000 254.2000000 255.0000000 254.0000000 254.2000000 142900
240108 153000 254.2000000 254.5000000 253.7000000 254.3500000 89630
240108 160000 254.3500000 254.5000000 253.7500000 254.5000000 157470
240108 163000 254.5000000 254.9500000 254.4000000 254.9500000 97180
240108 170000 254.9000000 256.2500000 254.8000000 255.8000000 279140
240108 173000 255.7000000 255.7000000 254.2000000 254.5000000 133380
240108 180000 254.5000000 254.7000000 254.0000000 254.1500000 76750
240108 183000 254.2500000 254.4500000 253.2500000 253.2500000 210040
240108 190000 253.4500000 253.8000000 253.1500000 253.8000000 71420
240108 193000 253.8500000 254.2000000 253.8500000 254.1000000 58240
240108 200000 254.1500000 254.1500000 253.9500000 254.1500000 24450
240108 203000 254.1500000 254.3000000 254.0500000 254.2500000 13390
240108 210000 254.2500000 254.2500000 253.8500000 254.0000000 19190
240108 213000 254.0000000 254.4500000 253.9500000 254.4500000 20000
240108 220000 254.4500000 254.6000000 254.2500000 254.5000000 11100
240108 223000 254.5000000 254.7000000 254.2500000 254.4500000 11590
240108 230000 254.6500000 254.8500000 254.1500000 254.7000000 24010
240108 233000 254.7000000 254.8500000 254.5000000 254.5000000 18970
240109 100000 254.7500000 258.0000000 254.0000000 257.7500000 415910
240109 103000 257.7500000 263.5500000 257.5000000 262.4000000 2104730
240109 110000 262.3500000 262.6500000 260.3500000 261.0500000 638620
240109 113000 261.1000000 262.2000000 260.8500000 261.2000000 258980
240109 120000 261.2000000 262.4000000 261.0000000 262.2500000 173780
240109 123000 262.2500000 262.5500000 260.5500000 261.3500000 337500
240109 130000 261.4500000 261.5000000 261.3000000 261.4000000 121370
240109 133000 261.4000000 261.4000000 260.3000000 260.6500000 208500
240109 140000 260.6500000 260.7000000 260.5000000 260.5000000 396890
240109 143000 260.6000000 260.6500000 260.5000000 260.5000000 183720
240109 150000 260.5000000 260.5500000 259.2000000 259.4500000 443450
240109 153000 259.4000000 260.0000000 258.9000000 259.5500000 259790
240109 160000 259.5500000 261.3500000 259.5000000 260.5000000 322470
240109 163000 260.5500000 261.0500000 260.1500000 260.4000000 288130
240109 170000 260.5500000 261.1000000 260.4000000 260.4000000 235560
240109 173000 260.4000000 260.5000000 260.2000000 260.2500000 179920
240109 180000 260.3000000 261.0000000 260.2000000 260.9000000 133260
240109 183000 260.9000000 260.9000000 259.4000000 259.4000000 289420
240109 190000 260.0000000 261.0000000 259.4000000 260.4500000 118810
240109 193000 260.3000000 260.5000000 260.1500000 260.3500000 24910
240109 200000 260.3500000 260.8500000 260.3000000 260.6000000 29260
240109 203000 260.5000000 260.8000000 260.0500000 260.8000000 74180
240109 210000 260.7500000 261.2500000 260.6000000 261.0500000 49910
240109 213000 261.1500000 261.2500000 260.7500000 261.2000000 52950
240109 220000 261.2000000 261.2000000 261.0000000 261.2000000 18390
240109 223000 261.2000000 261.4000000 261.1000000 261.3000000 45630
240109 230000 261.2500000 262.6000000 261.2500000 261.6500000 129560
240109 233000 261.6500000 261.7000000 260.8500000 261.3500000 29290
240110 100000 261.3000000 261.4000000 260.2000000 260.8500000 189690
240110 103000 260.6500000 261.3000000 260.6000000 260.9000000 103920
240110 110000 261.0000000 261.1000000 260.7000000 261.0000000 130220
240110 113000 261.0000000 261.0500000 260.6000000 260.7000000 181730
240110 120000 260.6500000 260.8000000 259.8000000 259.9000000 369220
240110 123000 259.9000000 261.3000000 259.9000000 261.1500000 247510
240110 130000 261.1000000 261.7500000 260.5500000 261.5000000 270200
240110 133000 261.5000000 264.4500000 261.5000000 264.1000000 478660
240110 140000 264.0000000 264.5000000 263.4500000 263.8000000 310990
240110 143000 263.8000000 264.2000000 263.5000000 264.0500000 194760
240110 150000 264.1500000 264.4000000 263.8000000 263.9000000 255280
240110 153000 263.9000000 264.0500000 263.5000000 263.9000000 263970
240110 160000 263.8000000 263.9500000 263.5000000 263.5000000 156040
240110 163000 263.6000000 263.6500000 262.6000000 263.0500000 208270
240110 170000 263.0500000 263.4500000 262.8000000 263.2000000 157810
240110 173000 263.3000000 263.7000000 263.2000000 263.2000000 171220
240110 180000 263.3500000 263.8000000 263.2000000 263.5500000 166670
240110 183000 263.5500000 263.5500000 263.0000000 263.0000000 136070
240110 190000 263.1000000 263.8000000 263.1000000 263.3000000 29460
240110 193000 263.3000000 263.6500000 263.2000000 263.4500000 21590
240110 200000 263.4500000 263.7000000 263.2000000 263.6000000 72270
240110 203000 263.6000000 263.6000000 263.2000000 263.2000000 73410
240110 210000 263.3000000 263.7000000 263.2000000 263.4500000 54170
240110 213000 263.2500000 263.5000000 263.2000000 263.3000000 30240
240110 220000 263.3000000 263.4500000 263.2000000 263.4000000 18830
240110 223000 263.4500000 263.5500000 263.3000000 263.4500000 9640
240110 230000 263.4000000 264.0000000 263.4000000 263.9500000 29590
240110 233000 263.9500000 264.0000000 263.2000000 263.7000000 32560
240111 100000 264.0500000 264.4000000 263.2000000 263.2500000 168770
240111 103000 263.4500000 263.4500000 262.9000000 262.9000000 177420
240111 110000 262.9000000 263.1500000 261.7500000 263.1000000 238320
240111 113000 263.1000000 264.3000000 263.0000000 264.3000000 78790
240111 120000 264.2000000 264.3000000 263.9000000 263.9500000 53900
240111 123000 264.0000000 265.3500000 263.9000000 265.3000000 245240
240111 130000 265.2500000 265.9500000 265.1500000 265.7000000 247610
240111 133000 265.7500000 265.7500000 264.9500000 265.4000000 110060
240111 140000 265.4000000 265.4000000 264.9000000 265.2000000 72430
240111 143000 265.1500000 265.3000000 264.5000000 264.5500000 65530
240111 150000 264.5500000 264.9500000 264.1500000 264.7000000 130700
240111 153000 264.7000000 264.7500000 264.1500000 264.1500000 162880
240111 160000 264.1500000 264.3000000 263.0000000 263.5000000 314350
240111 163000 263.4500000 263.8500000 262.5500000 263.0000000 191840
240111 170000 263.0500000 263.0500000 262.1000000 262.4500000 204470
240111 173000 262.3000000 264.3000000 262.0000000 263.7500000 495280
240111 180000 263.8000000 265.4000000 263.8000000 264.2500000 258370
240111 183000 264.2500000 264.8500000 263.9500000 264.8500000 78130
240111 190000 264.4500000 264.7500000 263.9000000 264.0000000 52110
240111 193000 264.0000000 264.1500000 263.0000000 263.8500000 122770
240111 200000 263.8500000 263.9500000 263.5500000 263.7000000 9250
240111 203000 263.7000000 264.1000000 263.7000000 263.7500000 10760
240111 210000 263.7500000 264.0500000 263.3500000 263.4000000 27410
240111 213000 263.4000000 263.6500000 263.2500000 263.6500000 8850
240111 220000 263.6000000 263.8000000 262.7000000 263.0000000 60350
240111 223000 263.0000000 263.4000000 262.8500000 263.0000000 21350
240111 230000 262.9500000 263.0000000 262.5000000 262.6500000 41270
240111 233000 262.6500000 262.9000000 262.0500000 262.7500000 33700
240112 100000 262.8000000 265.0000000 262.5000000 264.5000000 272680
240112 103000 264.5500000 266.2000000 264.2000000 265.5000000 436470
240112 110000 265.5500000 267.0000000 265.3000000 266.6000000 554260
240112 113000 266.6000000 267.2000000 266.5500000 266.9000000 289180
240112 120000 266.9500000 267.0500000 266.0500000 266.0500000 217040
240112 123000 266.1000000 266.7000000 265.9500000 266.4000000 145250
240112 130000 266.4000000 266.9500000 266.0000000 266.2000000 325040
240112 133000 266.1500000 266.4000000 266.0000000 266.3000000 44000
240112 140000 266.3500000 266.6500000 265.5500000 266.5500000 239870
240112 143000 266.5500000 267.0500000 266.5000000 267.0000000 105940
240112 150000 266.9500000 267.9500000 266.7500000 267.9000000 435390
240112 153000 267.9000000 267.9500000 266.6500000 267.5000000 229560
240112 160000 267.5000000 267.9500000 267.3500000 267.9000000 109560
240112 163000 267.9000000 267.9500000 267.1000000 267.3000000 92460
240112 170000 267.4000000 267.5500000 267.0000000 267.4000000 93370
240112 173000 267.4000000 268.0000000 267.3500000 267.8000000 166850
240112 180000 267.8000000 267.8000000 266.8000000 266.9000000 81970
240112 183000 266.8500000 267.0000000 266.1000000 266.1000000 216130
240112 190000 266.2500000 267.1500000 266.2500000 266.6000000 68670
240112 193000 266.6000000 266.6500000 265.7500000 266.0500000 65090
240112 200000 266.2500000 266.4000000 265.9500000 266.3000000 17180
240112 203000 266.1500000 266.4500000 266.0500000 266.4000000 13950
240112 210000 266.4000000 266.9500000 266.2000000 266.5500000 24670
240112 213000 266.6000000 266.8000000 266.3500000 266.5500000 13920
240112 220000 266.5000000 266.9500000 266.4500000 266.6000000 21210
240112 223000 266.6500000 266.9500000 266.5000000 266.9500000 16140
240112 230000 266.9500000 267.3000000 266.7500000 266.8500000 32400
240112 233000 267.0500000 267.1500000 266.7500000 266.8500000 23600
240115 100000 267.1000000 268.6500000 267.1000000 268.2500000 192590
240115 103000 268.2500000 268.9000000 268.1000000 268.4500000 227420
240115 110000 268.4500000 268.9000000 268.4000000 268.6500000 63400
240115 113000 268.6500000 268.7000000 268.2000000 268.4000000 56620
240115 120000 268.4000000 268.5000000 266.7500000 267.0000000 224610
240115 123000 267.1500000 267.2500000 266.1500000 266.2000000 146310
240115 130000 266.2000000 266.5500000 265.0500000 265.5500000 245230
240115 133000 265.6000000 266.2000000 264.7000000 265.7500000 377590
240115 140000 265.7500000 265.7500000 265.0500000 265.4500000 113420
240115 143000 265.4500000 266.1000000 265.3000000 265.3000000 124960
240115 150000 265.3000000 265.7000000 265.1000000 265.1000000 97990
240115 153000 265.1500000 265.8000000 264.8000000 265.3000000 157200
240115 160000 265.3000000 266.1000000 265.0500000 265.7500000 104840
240115 163000 265.7500000 265.9000000 264.9000000 265.5000000 229170
240115 170000 265.5000000 267.4000000 265.2500000 266.7000000 375600
240115 173000 266.8000000 267.7500000 266.0000000 266.2000000 233050
240115 180000 266.3000000 266.6000000 265.9000000 266.0500000 107490
240115 183000 266.2000000 267.5500000 266.0500000 267.5500000 259180
240115 190000 267.3000000 267.3500000 266.9000000 267.3000000 139870
240115 193000 267.3000000 267.3500000 266.8500000 266.9500000 33700
240115 200000 266.9500000 267.1500000 266.8500000 266.9500000 31830
240115 203000 267.1000000 267.3000000 266.9500000 267.2500000 18780
240115 210000 267.1500000 267.1500000 266.9000000 266.9500000 11220
240115 213000 266.9000000 267.0000000 266.6500000 266.6500000 21240
240115 220000 266.6500000 266.8000000 266.5500000 266.7000000 8640
240115 223000 266.7000000 266.8500000 266.5500000 266.7000000 10980
240115 230000 266.6000000 266.8000000 266.6000000 266.8000000 6060
240115 233000 266.8000000 266.8500000 266.6500000 266.8000000 23530
240116 100000 267.5000000 267.6500000 264.8000000 265.3000000 165720
240116 103000 265.3500000 265.4000000 264.9000000 265.2500000 62790
240116 110000 265.4000000 265.7500000 265.0000000 265.6500000 63360
240116 113000 265.7500000 266.2000000 265.6500000 266.1000000 47630
240116 120000 266.1500000 266.3500000 265.7500000 265.9000000 68460
240116 123000 265.8500000 266.2500000 265.6500000 265.7500000 96590
240116 130000 265.6500000 266.2000000 265.5000000 266.0500000 66780
240116 133000 266.0000000 266.2000000 266.0000000 266.0500000 49440
240116 140000 266.1000000 266.1500000 265.8000000 265.9000000 53370
240116 143000 265.9000000 266.0000000 265.7000000 265.7000000 80960
240116 150000 265.7000000 265.8000000 265.1500000 265.5000000 120660
240116 153000 265.3500000 265.6500000 265.1500000 265.3000000 93040
240116 160000 265.2500000 265.7000000 265.0000000 265.1000000 117490
240116 163000 265.0500000 265.3000000 264.6000000 264.7000000 113740
240116 170000 264.7500000 265.1500000 264.6000000 264.8500000 106140
240116 173000 264.7500000 265.4000000 264.6000000 264.7000000 149790
240116 180000 264.7500000 265.1500000 264.6500000 265.1000000 77220
240116 183000 265.1000000 266.0000000 265.0000000 266.0000000 243250
240116 190000 265.8500000 265.9500000 265.3000000 265.3000000 39460
240116 193000 265.2500000 265.5500000 265.2000000 265.3500000 19890
240116 200000 265.3500000 265.4000000 265.1500000 265.2500000 21210
240116 203000 265.1500000 265.3500000 265.1500000 265.3500000 11930
240116 210000 265.3500000 265.4000000 265.0500000 265.0500000 25180
240116 213000 265.0500000 265.2000000 265.0000000 265.1500000 10700
240116 220000 265.2000000 265.3000000 265.1000000 265.3000000 2270
240116 223000 265.2500000 265.3500000 265.1500000 265.3500000 4090
240116 230000 265.3000000 265.5000000 265.2500000 265.5000000 17070
240116 233000 265.4000000 265.5500000 265.2000000 265.4000000 12860
240117 100000 265.5000000 265.9500000 264.9000000 265.3000000 78080
240117 103000 265.2000000 265.9000000 265.1500000 265.4500000 42080
240117 110000 265.4500000 265.8500000 264.7000000 265.1500000 102050
240117 113000 265.1000000 266.3000000 264.7500000 266.2500000 110230
240117 120000 266.2000000 266.2500000 265.7000000 265.9000000 23330
240117 123000 265.7500000 266.2000000 265.6500000 265.8000000 44810
240117 130000 265.7500000 266.0000000 265.6000000 265.9000000 27780
240117 133000 265.8000000 265.9000000 264.7000000 264.9500000 128710
240117 140000 264.8000000 265.1000000 264.5000000 264.7500000 82500
240117 143000 264.7500000 265.4500000 264.7000000 264.8500000 90970
240117 150000 264.8500000 264.9500000 264.2500000 264.3500000 102640
240117 153000 264.3000000 264.7500000 264.2500000 264.7000000 77340
240117 160000 264.7500000 264.8000000 264.5000000 264.7000000 82210
240117 163000 264.6500000 265.0000000 264.4500000 264.8500000 150770
240117 170000 264.8000000 264.8000000 264.1500000 264.3000000 84360
240117 173000 264.3000000 264.3500000 264.1000000 264.2000000 66980
240117 180000 264.2000000 264.7000000 264.1500000 264.6500000 56840
240117 183000 264.6500000 264.7500000 264.2500000 264.2500000 29280
240117 190000 264.0500000 264.6500000 264.0500000 264.4000000 41640
240117 193000 264.4000000 264.4000000 264.0500000 264.3500000 14700
240117 200000 264.3500000 264.4000000 264.2000000 264.3000000 7840
240117 203000 264.3000000 264.3000000 263.9000000 264.0500000 39210
240117 210000 264.0500000 264.2000000 263.9500000 264.2000000 13820
240117 213000 264.2000000 264.3500000 264.0500000 264.2500000 22920
240117 220000 264.2000000 264.3000000 264.1000000 264.1500000 8840
240117 223000 264.2500000 264.3000000 263.7500000 264.0000000 44370
240117 230000 263.9000000 264.1000000 263.6500000 263.8500000 27010
240117 233000 263.8500000 264.0000000 263.6500000 263.9500000 13360
240118 100000 264.0000000 264.4500000 263.6500000 263.9000000 80110
240118 103000 263.9500000 264.2500000 263.8500000 264.0500000 91810
240118 110000 264.0000000 264.8000000 263.9000000 264.6500000 49430
240118 113000 264.7500000 264.8500000 264.0000000 264.5500000 76970
240118 120000 264.4500000 265.0000000 264.4000000 264.9500000 153820
240118 123000 265.0000000 265.3500000 264.6500000 265.0000000 109620
240118 130000 265.0500000 265.2500000 264.5500000 264.7000000 103430
240118 133000 264.8500000 265.0500000 264.3500000 264.8000000 98010
240118 140000 264.6500000 265.0000000 264.4000000 264.5500000 89140
240118 143000 264.5000000 264.7000000 264.4000000 264.6500000 74700
240118 150000 264.6500000 265.4500000 264.4500000 265.4000000 188230
240118 153000 265.4000000 265.4000000 264.7000000 264.7000000 123960
240118 160000 264.8500000 265.3500000 264.5000000 264.8000000 145560
240118 163000 264.8500000 264.8500000 264.3000000 264.4000000 95630
240118 170000 264.4000000 264.9000000 264.0500000 264.1500000 111840
240118 173000 264.1000000 264.4500000 263.7000000 263.7500000 78240
240118 180000 263.8500000 264.1500000 263.7500000 264.0500000 52150
240118 183000 264.1500000 264.9000000 263.9500000 264.9000000 61000
240118 190000 264.8000000 264.8500000 264.2000000 264.4000000 10010
240118 193000 264.4000000 265.2000000 264.2500000 264.7500000 50130
240118 200000 264.7000000 264.9000000 264.5000000 264.5500000 5600
240118 203000 264.6000000 264.7500000 264.0000000 264.4500000 34130
240118 210000 264.5000000 264.5500000 264.0000000 264.5000000 14220
240118 213000 264.5000000 264.5000000 264.1000000 264.2000000 1590
240118 220000 264.2000000 264.3500000 264.0500000 264.2500000 5120
240118 223000 264.0500000 264.3000000 264.0000000 264.1000000 1960
240118 230000 264.1000000 264.4500000 264.0500000 264.0500000 4150
240118 233000 264.3000000 264.3500000 263.8500000 264.3500000 9190
240119 100000 264.3500000 264.8500000 263.9000000 264.5500000 99870
240119 103000 264.5000000 264.6500000 262.8000000 263.5000000 232540
240119 110000 263.5000000 263.5000000 263.2000000 263.5000000 79420
240119 113000 263.5000000 263.5000000 263.0000000 263.4500000 98930
240119 120000 263.5000000 263.8000000 263.1500000 263.7000000 94410
240119 123000 263.6500000 264.6500000 263.5000000 264.6000000 162560
240119 130000 264.6500000 264.7000000 264.2000000 264.2500000 105320
240119 133000 264.4000000 264.7000000 264.0000000 264.4000000 72220
240119 140000 264.2500000 264.4000000 263.7000000 263.8500000 83220
240119 143000 263.7500000 264.2500000 263.7500000 263.9000000 82570
240119 150000 263.8000000 264.0500000 263.6000000 263.6500000 73960
240119 153000 263.6500000 263.7000000 262.8500000 263.2000000 107460
240119 160000 263.2000000 263.7000000 262.9000000 263.4500000 104160
240119 163000 263.4500000 263.7000000 263.2000000 263.5000000 62780
240119 170000 263.5000000 263.9000000 263.2500000 263.6500000 78580
240119 173000 263.6500000 263.7000000 263.2500000 263.6000000 55790
240119 180000 263.6000000 263.9000000 263.2000000 263.3500000 68350
240119 183000 263.3500000 263.4000000 263.0500000 263.0500000 30830
240119 190000 263.0000000 263.3000000 262.9500000 263.0000000 34570
240119 193000 263.0000000 263.0500000 262.3000000 262.6000000 74440
240119 200000 262.5500000 262.8000000 262.2500000 262.6000000 26030
240119 203000 262.5500000 262.8000000 262.5500000 262.8000000 17480
240119 210000 262.8000000 262.9000000 262.7500000 262.8500000 16530
240119 213000 262.9000000 262.9000000 262.8000000 262.8500000 22910
240119 220000 262.8500000 262.9000000 262.8000000 262.8500000 25210
240119 223000 262.8500000 262.9000000 262.8000000 262.8500000 13460
240119 230000 262.8500000 262.9000000 262.7500000 262.9000000 43540
240119 233000 262.8500000 262.9000000 262.8000000 262.8500000 24990
240122 100000 263.5000000 263.5000000 262.4000000 263.0000000 167750
240122 103000 263.0000000 264.7000000 262.8500000 264.0000000 260430
240122 110000 264.0000000 264.1000000 263.8500000 263.9000000 71760
240122 113000 263.9000000 263.9000000 263.5000000 263.8000000 38250
240122 120000 263.8000000 263.9000000 263.5000000 263.8000000 45100
240122 123000 263.8000000 264.1000000 263.7000000 264.1000000 128690
240122 130000 264.1000000 264.9000000 264.0500000 264.7000000 205660
240122 133000 264.6000000 264.7500000 264.4000000 264.6500000 36670
240122 140000 264.6500000 264.6500000 264.4000000 264.6000000 61070
240122 143000 264.6000000 264.6500000 264.4500000 264.6500000 50840
240122 150000 264.6500000 264.6500000 264.2500000 264.3000000 101050
240122 153000 264.3000000 264.5000000 263.7500000 263.8500000 125540
240122 160000 263.8500000 263.9000000 263.3000000 263.3500000 75060
240122 163000 263.3500000 263.7000000 263.3000000 263.5000000 172360
240122 170000 263.5000000 263.7000000 263.2000000 263.5000000 96150
240122 173000 263.5500000 263.7000000 263.1500000 263.5500000 96280
240122 180000 263.6500000 263.7000000 263.1500000 263.6500000 60340
240122 183000 263.6000000 263.7000000 263.3500000 263.3500000 15310
240122 190000 264.1000000 264.1000000 263.2000000 263.6500000 52340
240122 193000 263.6500000 263.6500000 263.4000000 263.6000000 17490
240122 200000 263.5500000 263.6500000 263.5000000 263.6500000 12620
240122 203000 263.6500000 263.6500000 263.5500000 263.6500000 37850
240122 210000 263.6500000 264.0000000 263.6000000 263.9500000 14710
240122 213000 263.9500000 264.3500000 263.9000000 264.2000000 13800
240122 220000 264.3500000 264.4000000 263.9000000 264.2000000 55470
240122 223000 264.2000000 264.4000000 264.0000000 264.3500000 12910
240122 230000 264.3000000 264.4000000 264.0000000 264.4000000 16370
240122 233000 264.4000000 264.4000000 264.3500000 264.3500000 6350
240123 100000 264.4500000 265.8000000 263.9500000 265.7500000 162560
240123 103000 265.7000000 265.9500000 264.9000000 264.9000000 138560
240123 110000 265.0000000 265.7500000 264.8500000 265.6500000 65010
240123 113000 265.6500000 265.8000000 265.4500000 265.7000000 66950
240123 120000 265.6000000 266.2000000 265.6000000 266.1500000 124280
240123 123000 266.1500000 266.5500000 266.0500000 266.4500000 94650
240123 130000 266.4500000 266.5000000 266.0500000 266.4000000 57020
240123 133000 266.4000000 266.5000000 265.5500000 266.1500000 200170
240123 140000 266.1000000 266.3500000 265.7500000 266.0000000 101120
240123 143000 266.1000000 266.1500000 265.6000000 265.7500000 92270
240123 150000 265.8000000 266.0500000 265.5000000 265.7500000 110170
240123 153000 265.7500000 265.9000000 265.5000000 265.5000000 90450
240123 160000 265.5000000 265.6500000 265.0500000 265.3500000 103410
240123 163000 265.2000000 265.4000000 265.0000000 265.0000000 87980
240123 170000 265.0000000 265.0500000 264.5000000 264.6000000 158220
240123 173000 264.5500000 264.6500000 264.2500000 264.3000000 71240
240123 180000 264.3000000 264.5500000 264.2000000 264.5500000 60730
240123 183000 264.5500000 264.8000000 264.5000000 264.5000000 11290
240123 190000 264.8000000 265.1500000 264.5500000 265.0500000 32000
240123 193000 265.0500000 265.0500000 264.5500000 264.8500000 15210
240123 200000 264.8000000 265.0000000 264.8000000 265.0000000 12660
240123 203000 265.0000000 265.1500000 264.8500000 265.1000000 8700
240123 210000 265.1000000 265.2000000 264.5500000 265.0000000 30180
240123 213000 265.0000000 265.1500000 264.8000000 264.9000000 4940
240123 220000 264.9000000 265.3000000 264.8000000 265.3000000 19720
240123 223000 265.3000000 265.5000000 265.2500000 265.3500000 19060
240123 230000 265.4000000 265.5000000 265.2500000 265.4000000 13960
240123 233000 265.4500000 265.5000000 265.3500000 265.4500000 16570
240124 100000 266.6000000 270.6000000 266.6000000 270.3000000 1318950
240124 103000 270.4000000 271.2000000 269.8000000 270.0000000 549470
240124 110000 270.0000000 270.2000000 269.3500000 270.1000000 308930
240124 113000 270.1000000 270.6000000 270.0500000 270.2500000 161380
240124 120000 270.2000000 271.3000000 270.2000000 271.0500000 302840
240124 123000 271.2000000 272.8000000 270.7500000 270.8500000 788710
240124 130000 270.8500000 271.2500000 269.9500000 270.4000000 575260
240124 133000 270.3500000 270.4500000 269.9000000 270.1000000 209740
240124 140000 270.0500000 270.1500000 268.9500000 269.9500000 415140
240124 143000 269.9500000 269.9500000 268.7500000 269.0000000 249490
240124 150000 268.9000000 270.0500000 268.6500000 269.5000000 358130
240124 153000 269.5000000 270.0500000 269.1000000 269.3500000 169770
240124 160000 269.5000000 270.3000000 269.1000000 269.5000000 201480
240124 163000 269.5000000 269.6000000 269.1500000 269.2000000 151880
240124 170000 269.2000000 269.4500000 268.5500000 269.0000000 182090
240124 173000 269.0000000 269.1000000 268.0000000 268.1500000 262620
240124 180000 268.2500000 268.8000000 267.6500000 268.5000000 265880
240124 183000 268.5500000 268.6000000 267.6500000 267.6500000 236660
240124 190000 267.9500000 268.0500000 267.6000000 267.8500000 69180
240124 193000 267.8500000 267.9000000 267.2500000 267.3500000 35250
240124 200000 267.5000000 268.5000000 267.2500000 268.2500000 58400
240124 203000 268.2500000 268.7500000 267.9500000 268.5000000 89810
240124 210000 268.5500000 268.6000000 268.2500000 268.6000000 20230
240124 213000 268.6000000 268.9000000 268.5000000 268.9000000 38980
240124 220000 268.9000000 269.0000000 268.8500000 268.9000000 14790
240124 223000 268.9000000 269.0000000 268.7000000 269.0000000 16590
240124 230000 268.9500000 269.1500000 268.9000000 268.9000000 22000
240124 233000 269.0000000 269.2500000 268.8500000 269.2500000 14000
240125 100000 269.3000000 269.8500000 268.0000000 268.4500000 199080
240125 103000 268.4000000 268.5500000 267.6500000 268.1500000 95480
240125 110000 268.1500000 268.9500000 268.1500000 268.3500000 58870
240125 113000 268.4000000 268.6000000 268.0500000 268.1500000 59290
240125 120000 268.1500000 268.2500000 266.7500000 266.9000000 237220
240125 123000 266.8500000 267.8500000 266.2000000 267.4500000 288650
240125 130000 267.4500000 268.3000000 267.3500000 268.3000000 184510
240125 133000 268.2000000 268.8000000 267.9000000 268.7500000 133700
240125 140000 268.6500000 268.8000000 268.2500000 268.7000000 112990
240125 143000 268.7000000 269.2500000 268.4000000 268.9000000 126380
240125 150000 268.8500000 269.4000000 268.8000000 269.2500000 151060
240125 153000 269.2500000 269.4000000 268.6500000 268.7000000 161220
240125 160000 268.7500000 269.0000000 268.4000000 268.5500000 143480
240125 163000 268.4500000 269.1500000 267.7500000 268.3500000 248770
240125 170000 268.2000000 268.9500000 268.0000000 268.6500000 139170
240125 173000 268.7500000 268.8500000 268.3500000 268.6000000 122130
240125 180000 268.6000000 269.5000000 268.4500000 269.4000000 188100
240125 183000 269.4500000 269.7000000 269.1500000 269.7000000 55230
240125 190000 269.6500000 269.6500000 269.1500000 269.3500000 22610
240125 193000 269.4000000 269.5000000 269.3000000 269.3500000 15780
240125 200000 269.3500000 269.4000000 269.0000000 269.2500000 23090
240125 203000 269.2500000 269.2500000 269.0000000 269.1000000 8300
240125 210000 269.0000000 269.1000000 268.7500000 268.8000000 13880
240125 213000 268.9500000 269.1500000 268.6500000 268.7500000 26970
240125 220000 268.8000000 269.1000000 268.7000000 269.0500000 6330
240125 223000 269.0500000 269.0500000 268.8500000 268.9500000 6060
240125 230000 268.9500000 269.0500000 268.8500000 268.9000000 14170
240125 233000 268.9000000 269.1500000 268.9000000 269.1500000 9740
240126 100000 269.5000000 269.7000000 268.2000000 268.6500000 92320
240126 103000 268.8500000 270.8500000 268.7500000 270.7000000 211300
240126 110000 270.7500000 271.2000000 270.2000000 270.3500000 210120
240126 113000 270.4000000 270.5000000 269.9000000 270.3000000 164950
240126 120000 270.2000000 270.7000000 270.0000000 270.4000000 128550
240126 123000 270.4000000 270.6000000 270.2500000 270.4000000 109690
240126 130000 270.4500000 270.7500000 270.4000000 270.4500000 139560
240126 133000 270.4500000 270.5500000 270.1500000 270.2000000 117620
240126 140000 270.1500000 270.3000000 269.8000000 270.0000000 129880
240126 143000 270.0000000 270.3000000 269.7000000 269.9500000 106330
240126 150000 270.0500000 270.1500000 269.6000000 269.9500000 107150
240126 153000 269.9000000 270.0000000 269.5500000 269.7500000 88750
240126 160000 269.7000000 269.7500000 269.3500000 269.6500000 122570
240126 163000 269.5500000 269.7500000 268.5000000 269.2000000 295270
240126 170000 269.2000000 270.2000000 269.2000000 269.9000000 166460
240126 173000 269.8500000 270.0000000 269.4500000 269.6500000 115830
240126 180000 269.6500000 270.1500000 269.3000000 270.1500000 127610
240126 183000 270.1500000 270.8500000 269.6500000 270.7500000 253310
240126 190000 270.7500000 271.0000000 269.8500000 270.2000000 72550
240126 193000 270.2000000 270.2500000 270.0000000 270.2500000 11850
240126 200000 270.2500000 270.5000000 270.0500000 270.4500000 16770
240126 203000 270.5000000 270.5000000 270.0000000 270.0500000 8260
240126 210000 270.0000000 270.2500000 270.0000000 270.2500000 10760
240126 213000 270.2500000 270.7500000 270.2000000 270.3500000 30040
240126 220000 270.3000000 270.3500000 270.0500000 270.3500000 21410
240126 223000 270.3500000 270.4000000 270.2000000 270.4000000 19470
240126 230000 270.4000000 270.6500000 270.3500000 270.6000000 18630
240126 233000 270.6500000 270.9000000 270.5000000 270.8000000 36010
