begin                                                            
2023-01-03  1078.4  1072.6  1087.0  1071.0  3.852261e+08   357140
2023-01-04  1072.0  1060.8  1078.6  1058.6  5.539604e+08   519881
2023-01-05  1060.0  1053.0  1062.0  1050.0  3.048883e+08   289174
2023-01-06  1050.4  1052.6  1054.0  1038.6  3.555937e+08   339234
2023-01-09  1054.4  1051.8  1059.6  1048.2  4.305483e+08   408614
2023-01-10  1052.0  1039.6  1052.6  1035.2  7.788994e+08   749318
2023-01-11  1041.4  1044.2  1044.8  1030.6  8.799787e+08   847394
2023-01-12  1044.4  1040.0  1045.0  1038.0  3.559567e+08   341654
2023-01-13  1040.0  1042.0  1046.0  1036.2  4.063579e+08   390307
2023-01-16  1044.0  1050.6  1054.0  1042.2  8.115079e+08   773479
2023-01-17  1051.0  1042.0  1051.0  1038.4  4.857004e+08   464916
2023-01-18  1042.0  1031.8  1042.8  1021.2  7.977778e+08   770530
2023-01-19  1028.8  1014.8  1033.2  1010.4  9.266933e+08   909021
2023-01-20  1018.0  1027.6  1028.0  1008.0  7.492857e+08   736908
2023-01-23  1029.8  1024.6  1031.0  1018.8  5.299310e+08   517023
2023-01-24  1027.8  1020.2  1027.8  1012.4  7.004501e+08   687390
2023-01-25  1019.4  1018.2  1022.0  1009.0  4.901478e+08   483340
2023-01-26  1018.4  1017.6  1025.0  1011.2  7.940520e+08   779067
2023-01-27  1020.0  1022.6  1025.8  1012.8  6.152129e+08   601615
2023-01-30  1024.6  1022.4  1026.0  1019.0  4.682903e+08   457984
2023-01-31  1022.0  1029.8  1034.6  1021.0  5.466568e+08   532181
2023-02-01  1029.0  1026.6  1033.2  1024.0  5.833100e+08   566874
2023-02-02  1028.8  1027.8  1034.8  1021.2  5.263690e+08   511158
2023-02-03  1027.8  1030.2  1034.0  1022.4  5.946254e+08   577998
2023-02-06  1032.0  1098.0  1100.0  1030.2  4.027758e+09  3759564
2023-02-07  1103.0  1089.0  1116.4  1076.0  2.201069e+09  2014713
2023-02-08  1089.2  1074.0  1096.8  1059.2  1.654019e+09  1533056
2023-02-09  1077.2  1072.0  1079.4  1061.0  9.859515e+08   919499
2023-02-10  1069.8  1083.6  1090.0  1065.8  8.447188e+08   783799
2023-02-13  1084.0  1073.0  1093.0  1072.0  6.636680e+08   613810
2023-02-14  1074.0  1058.4  1074.0  1050.0  1.369208e+09  1290536
2023-02-15  1058.0  1026.2  1058.0  1012.8  1.429542e+09  1378338
2023-02-16  1027.2  1030.8  1041.6  1026.6  1.039466e+09  1005885
2023-02-17  1033.0  1031.4  1043.6  1020.6  6.687672e+08   645783
2023-02-20  1032.0  1033.2  1038.4  1015.8  7.966618e+08   776829
2023-02-21  1034.2  1045.0  1054.6  1033.6  1.038524e+09   993761
2023-02-22  1045.4  1045.0  1050.4  1027.6  8.423457e+08   809764
2023-02-24  1049.0  1042.6  1049.0  1039.2  2.867545e+08   274587
2023-02-27  1042.6  1066.6  1067.0  1040.0  1.145448e+09  1082654
2023-02-28  1069.6  1065.0  1074.0  1056.4  8.772268e+08   824715
2023-03-01  1067.2  1073.4  1074.8  1060.0  9.891091e+08   925005
2023-03-02  1072.4  1056.6  1075.0  1048.4  1.530874e+09  1445475
2023-03-03  1056.8  1072.2  1078.0  1056.6  1.046810e+09   979937
2023-03-06  1080.0  1077.0  1082.4  1072.0  8.726751e+08   809728
2023-03-07  1077.0  1074.4  1080.0  1064.8  6.931207e+08   645039
2023-03-09  1074.6  1073.4  1079.0  1067.2  6.779838e+08   631981
2023-03-10  1070.2  1064.0  1084.2  1058.2  1.569216e+09  1468154
2023-03-13  1066.8  1061.8  1072.8  1047.6  9.938887e+08   935849
2023-03-14  1062.0  1059.2  1066.6  1054.4  9.731274e+08   918830
2023-03-15  1062.6  1048.4  1065.0  1040.2  1.525411e+09  1448311
2023-03-16  1046.4  1064.0  1066.4  1038.2  1.606321e+09  1527884
2023-03-17  1068.8  1074.6  1088.8  1060.2  3.323912e+09  3091898
2023-03-20  1081.2  1122.2  1127.0  1062.0  3.664098e+09  3343059
2023-03-21  1125.0  1126.2  1166.0  1113.2  4.795645e+09  4205908
2023-03-22  1130.0  1128.8  1138.6  1110.0  1.574503e+09  1399847
2023-03-23  1128.0  1138.4  1147.0  1121.0  8.225795e+08   725247
2023-03-24  1135.2  1141.8  1147.0  1135.2  6.947766e+08   608444
2023-03-27  1148.0  1172.0  1175.8  1142.4  1.389666e+09  1197304
2023-03-28  1175.0  1160.0  1176.4  1149.2  1.263939e+09  1090533
2023-03-29  1160.0  1156.6  1164.0  1150.0  9.408417e+08   813211
2023-03-30  1156.4  1153.6  1158.8  1151.2  5.227604e+08   452846
2023-03-31  1154.0  1155.2  1158.0  1135.8  1.288709e+09  1124295
2023-04-03  1165.6  1167.4  1175.0  1152.0  1.500102e+09  1283349
2023-04-04  1171.8  1198.2  1210.6  1170.0  2.898178e+09  2430271
2023-04-05  1198.4  1203.6  1205.0  1181.0  1.612530e+09  1352215
2023-04-06  1204.0  1202.8  1217.6  1202.4  1.522730e+09  1257573
2023-04-07  1203.2  1228.2  1228.4  1200.0  1.329164e+09  1096409
2023-04-10  1231.8  1248.8  1254.8  1230.2  1.836533e+09  1475706
2023-04-11  1251.0  1219.0  1254.8  1212.8  2.091685e+09  1694268
2023-04-12  1219.4  1240.6  1246.0  1205.0  2.172933e+09  1766987
2023-04-13  1245.4  1260.0  1262.8  1233.2  1.391951e+09  1116026
2023-04-14  1262.0  1296.0  1296.4  1260.6  2.294827e+09  1789475
2023-04-17  1301.2  1317.6  1329.0  1299.0  2.201218e+09  1670403
2023-04-18  1315.0  1311.4  1320.0  1301.0  1.429731e+09  1089564
2023-04-19  1311.0  1294.2  1312.2  1290.6  1.510533e+09  1161085
2023-04-20  1300.0  1317.6  1320.0  1286.4  1.766491e+09  1352322
2023-04-21  1317.8  1321.4  1326.6  1306.4  1.278791e+09   970813
2023-04-24  1325.6  1313.6  1335.2  1309.0  1.702606e+09  1291448
2023-04-25  1315.8  1314.4  1316.6  1298.0  1.018783e+09   777816
2023-04-26  1316.8  1313.0  1317.4  1311.2  6.783623e+08   516218
2023-04-27  1317.2  1320.0  1321.4  1313.0  1.113663e+09   844702
2023-04-28  1320.8  1340.8  1349.4  1310.0  2.659928e+09  2004575
2023-05-02  1289.0  1270.0  1296.8  1261.0  3.017017e+09  2348642
2023-05-03  1265.2  1223.8  1269.8  1221.4  1.942121e+09  1556480
2023-05-04  1223.2  1229.8  1240.0  1218.0  8.355418e+08   679351
2023-05-05  1232.4  1222.0  1252.6  1218.8  9.289296e+08   751517
2023-05-08  1222.0  1215.2  1234.6  1212.0  3.870143e+08   317089
2023-05-10  1215.2  1270.0  1279.8  1215.2  1.526414e+09  1215415
2023-05-11  1274.0  1269.2  1290.0  1245.8  1.622423e+09  1272918
2023-05-12  1268.2  1270.4  1273.8  1255.0  7.585967e+08   599704
2023-05-15  1273.0  1300.0  1300.0  1272.8  9.629558e+08   747464
2023-05-16  1306.4  1293.8  1307.4  1286.2  7.617759e+08   587143
2023-05-17  1291.2  1295.4  1300.0  1281.8  6.125680e+08   474648
2023-05-18  1297.4  1278.2  1297.8  1270.2  8.048619e+08   628378
2023-05-19  1275.2  1263.6  1277.6  1258.4  7.492327e+08   592015
2023-05-22  1265.0  1267.8  1274.8  1259.2  5.528205e+08   436456
2023-05-23  1268.0  1294.0  1297.0  1260.4  1.077660e+09   839326
2023-05-24  1296.0  1312.0  1319.8  1287.6  1.491592e+09  1142139
2023-05-25  1315.0  1295.2  1318.0  1281.2  9.237749e+08   712617
2023-05-26  1292.6  1305.4  1311.2  1289.4  5.427111e+08   416763
2023-05-29  1312.0  1307.4  1315.4  1299.0  9.553375e+08   731987
2023-05-30  1299.6  1309.6  1315.8  1265.0  1.389607e+09  1074256
2023-05-31  1310.0  1298.4  1313.8  1290.0  1.308521e+09  1006151
2023-06-01  1299.0  1293.8  1308.4  1282.0  8.371003e+08   643281
2023-06-02  1296.4  1340.4  1349.4  1295.0  2.298897e+09  1728888
2023-06-05  1349.0  1309.6  1380.0  1302.0  3.622407e+09  2683039
2023-06-06  1313.0  1347.4  1350.8  1275.2  2.468537e+09  1874296
2023-06-07  1353.2  1334.2  1359.4  1325.6  1.362422e+09  1011467
2023-06-08  1331.0  1339.8  1349.4  1322.0  8.923411e+08   665971
2023-06-09  1343.8  1355.6  1356.2  1336.2  7.508230e+08   557035
2023-06-13  1361.0  1385.8  1390.4  1360.0  1.354746e+09   982915
2023-06-14  1388.0  1372.8  1392.0  1361.2  1.325200e+09   964839
2023-06-15  1373.8  1388.6  1392.0  1355.0  1.868377e+09  1358315
2023-06-16  1391.0  1378.8  1396.0  1372.4  8.535981e+08   616953
2023-06-19  1379.8  1377.6  1385.0  1363.0  9.333480e+08   678605
2023-06-20  1380.8  1359.6  1385.0  1342.4  1.912154e+09  1403322
2023-06-21  1358.2  1364.4  1369.8  1345.2  1.431324e+09  1055982
2023-06-22  1360.0  1346.2  1368.0  1345.4  8.928492e+08   658449
2023-06-23  1345.2  1317.0  1348.6  1311.8  1.571788e+09  1179835
2023-06-26  1332.0  1322.2  1347.2  1300.0  1.802726e+09  1359093
2023-06-27  1323.6  1332.2  1341.8  1322.2  1.079516e+09   811470
2023-06-28  1333.8  1322.8  1339.0  1316.4  7.278942e+08   549353
2023-06-29  1322.8  1326.4  1328.0  1315.4  4.901874e+08   370257
2023-06-30  1327.0  1335.0  1336.4  1322.4  4.649054e+08   349641
2023-07-03  1338.6  1322.4  1338.8  1315.4  6.138710e+08   463513
2023-07-04  1322.0  1316.6  1333.0  1307.4  1.022404e+09   775710
2023-07-05  1323.0  1322.4  1330.0  1316.2  6.706697e+08   506883
2023-07-06  1325.0  1363.8  1370.0  1322.8  2.179074e+09  1606645
2023-07-07  1365.4  1396.4  1398.0  1357.2  2.081771e+09  1505380
2023-07-10  1403.0  1403.8  1415.0  1399.0  1.269062e+09   903006
2023-07-11  1405.4  1418.8  1421.0  1394.8  8.707981e+08   617186
2023-07-12  1421.0  1445.6  1448.8  1420.2  1.977154e+09  1375027
2023-07-13  1449.0  1423.0  1450.0  1411.2  1.649895e+09  1155568
2023-07-14  1421.6  1440.0  1446.4  1415.0  1.481221e+09  1029867
2023-07-17  1436.0  1468.2  1468.8  1430.2  1.527292e+09  1050396
2023-07-18  1469.0  1485.0  1489.0  1466.6  1.663105e+09  1124576
2023-07-19  1485.2  1479.4  1499.0  1469.2  1.419018e+09   957670
2023-07-20  1479.4  1464.0  1480.0  1452.4  1.924137e+09  1315026
2023-07-21  1469.4  1481.0  1483.4  1454.8  1.400466e+09   955611
2023-07-24  1485.0  1476.4  1498.6  1468.0  1.239404e+09   835683
2023-07-25  1478.0  1472.0  1478.0  1465.4  1.217656e+09   828073
2023-07-26  1472.0  1494.4  1509.0  1468.2  2.546594e+09  1706035
2023-07-27  1502.0  1496.0  1512.0  1487.0  1.492218e+09   996954
2023-07-28  1496.0  1500.2  1502.0  1490.2  9.517976e+08   636193
2023-07-31  1504.2  1519.4  1524.8  1501.0  1.309218e+09   865326
2023-08-01  1524.0  1525.2  1530.0  1508.8  1.317615e+09   866542
2023-08-02  1522.4  1556.2  1571.2  1518.0  2.374118e+09  1531300
2023-08-03  1558.0  1602.4  1608.6  1556.2  2.155802e+09  1359877
2023-08-04  1602.4  1577.0  1621.0  1558.0  2.576946e+09  1615998
2023-08-07  1587.0  1593.4  1620.0  1567.6  1.875786e+09  1174533
2023-08-08  1596.2  1594.4  1597.8  1560.0  1.508764e+09   958407
2023-08-09  1599.2  1592.2  1606.2  1582.4  1.129723e+09   707987
2023-08-10  1596.0  1639.0  1644.6  1596.0  2.827731e+09  1735352
2023-08-11  1643.6  1658.6  1659.0  1623.4  1.920113e+09  1171340
2023-08-14  1675.6  1624.4  1699.0  1603.0  3.951521e+09  2377430
2023-08-15  1615.2  1622.0  1656.4  1605.2  1.808399e+09  1104624
2023-08-16  1625.0  1598.6  1635.0  1570.4  2.244059e+09  1408352
2023-08-17  1599.0  1607.2  1618.2  1575.6  1.657438e+09  1036365
2023-08-18  1606.0  1644.2  1650.0  1600.8  1.265686e+09   779608
2023-08-21  1662.0  1665.6  1678.4  1655.0  1.938311e+09  1161584
2023-08-22  1673.0  1681.6  1691.8  1654.8  1.342977e+09   804894
2023-08-23  1685.0  1642.0  1691.6  1624.2  2.734932e+09  1640538
2023-08-24  1649.8  1674.4  1688.0  1641.2  1.456422e+09   878881
2023-08-25  1678.4  1676.2  1689.6  1660.6  2.017142e+09  1203141
2023-08-28  1676.2  1681.6  1685.8  1665.2  1.287638e+09   768289
2023-08-29  1681.8  1682.8  1699.8  1670.8  1.615747e+09   960544
2023-08-30  1687.0  1688.6  1715.0  1666.0  2.433742e+09  1436340
2023-08-31  1686.0  1684.8  1704.2  1670.8  1.475851e+09   875206
2023-09-01  1684.8  1688.0  1695.0  1679.0  7.464942e+08   442685
2023-09-04  1691.4  1698.2  1702.8  1691.4  1.006904e+09   592952
2023-09-05  1701.6  1703.8  1708.2  1688.2  1.364213e+09   802598
2023-09-06  1704.2  1690.2  1704.8  1685.0  9.380805e+08   553542
2023-09-07  1690.0  1663.6  1698.0  1634.4  1.901494e+09  1140867
2023-09-08  1663.0  1641.4  1674.4  1625.4  1.375829e+09   836455
2023-09-11  1643.2  1622.0  1659.8  1614.0  1.492527e+09   910644
2023-09-12  1632.0  1670.4  1673.8  1625.0  1.786216e+09  1079240
2023-09-13  1676.0  1646.4  1677.2  1640.4  9.211691e+08   557634
2023-09-14  1649.8  1640.4  1652.8  1624.6  1.266505e+09   772563
2023-09-15  1641.0  1656.0  1656.4  1630.4  9.629770e+08   585480
2023-09-18  1659.0  1636.2  1664.2  1628.4  1.039911e+09   632367
2023-09-19  1636.8  1599.6  1637.8  1584.2  1.819818e+09  1131616
2023-09-20  1595.0  1625.6  1646.0  1573.0  2.256442e+09  1400701
2023-09-21  1622.0  1596.2  1633.6  1583.8  2.169674e+09  1353775
2023-09-22  1599.4  1625.2  1630.8  1584.2  1.198262e+09   746918
2023-09-25  1620.8  1605.2  1627.2  1596.2  6.567062e+08   407314
2023-09-26  1602.6  1628.0  1635.0  1592.2  9.842700e+08   611177
2023-09-27  1632.2  1647.2  1652.0  1631.2  1.073760e+09   653634
2023-09-28  1649.6  1664.0  1664.2  1636.4  1.021411e+09   618656
2023-09-29  1665.0  1666.2  1670.0  1633.2  1.427426e+09   862399
2023-10-02  1671.8  1698.0  1701.8  1666.4  2.158473e+09  1279946
2023-10-03  1698.6  1706.0  1707.0  1673.4  1.732280e+09  1022179
2023-10-04  1708.8  1698.0  1725.0  1698.0  1.612578e+09   940366
2023-10-05  1703.8  1710.8  1720.0  1692.0  1.109405e+09   648620
2023-10-06  1714.0  1719.4  1723.0  1705.0  1.578251e+09   919991
2023-10-09  1721.0  1756.2  1757.0  1717.2  2.996122e+09  1721469
2023-10-10  1726.8  1717.4  1737.8  1706.8  2.875653e+09  1670728
2023-10-11  1719.6  1690.2  1736.0  1684.0  2.155021e+09  1254759
2023-10-12  1690.2  1703.6  1709.6  1676.0  9.620379e+08   566486
2023-10-13  1707.8  1708.4  1713.0  1700.4  7.414991e+08   434490
2023-10-16  1711.8  1729.6  1733.0  1709.6  1.205698e+09   699958
2023-10-17  1730.0  1728.6  1732.6  1702.6  1.027477e+09   596568
2023-10-18  1730.2  1730.0  1749.8  1725.0  1.330233e+09   766333
2023-10-19  1730.0  1723.2  1735.6  1710.0  9.485069e+08   551535
2023-10-20  1723.8  1708.6  1724.8  1705.0  8.447972e+08   493363
2023-10-23  1714.8  1688.0  1714.8  1680.2  1.278599e+09   754059
2023-10-24  1688.2  1679.4  1702.4  1668.2  1.158899e+09   687392
2023-10-25  1682.8  1695.0  1704.4  1672.0  1.023005e+09   604686
2023-10-26  1698.0  1682.0  1698.6  1666.2  9.698522e+08   576458
2023-10-27  1682.0  1678.4  1692.0  1667.2  7.937374e+08   472485
2023-10-30  1679.0  1681.0  1683.4  1661.0  1.013548e+09   605885
2023-10-31  1680.0  1661.0  1693.2  1655.4  7.255841e+08   434591
2023-11-01  1664.4  1659.0  1666.0  1654.0  6.575363e+08   396035
2023-11-02  1666.0  1639.8  1686.4  1615.8  2.819266e+09  1706155
2023-11-03  1640.0  1608.4  1652.0  1605.6  1.365068e+09   839901
2023-11-06  1608.8  1644.4  1644.8  1600.0  6.060805e+08   372833
2023-11-07  1646.0  1634.2  1648.2  1624.0  9.272857e+08   567183
2023-11-08  1634.0  1623.4  1646.0  1617.2  9.671364e+08   590804
2023-11-09  1621.0  1612.2  1628.4  1592.0  1.923403e+09  1195584
2023-11-10  1615.4  1618.2  1628.4  1602.0  7.756849e+08   480068
2023-11-13  1618.2  1623.6  1634.0  1610.2  6.361745e+08   392559
2023-11-14  1624.6  1594.0  1624.6  1586.6  1.207267e+09   755261
2023-11-15  1591.0  1566.8  1595.8  1550.2  1.907255e+09  1214126
2023-11-16  1566.8  1538.2  1568.0  1533.0  1.399730e+09   902647
2023-11-17  1533.2  1536.0  1552.0  1510.4  1.391514e+09   908954
2023-11-20  1542.0  1545.6  1548.0  1528.6  7.210331e+08   468848
2023-11-21  1545.6  1539.0  1546.0  1530.0  6.313880e+08   410802
2023-11-22  1539.8  1525.8  1546.6  1515.8  1.208290e+09   790317
2023-11-23  1525.0  1511.2  1525.0  1510.8  7.027881e+08   463425
2023-11-24  1511.2  1514.0  1531.8  1501.0  1.004199e+09   661724
2023-11-27  1514.2  1510.4  1522.0  1503.0  7.158888e+08   472771
2023-11-28  1510.6  1509.2  1518.0  1482.0  8.990753e+08   596731
2023-11-29  1510.0  1493.6  1512.0  1490.0  5.879134e+08   391250
2023-11-30  1495.0  1510.0  1523.0  1482.2  7.986272e+08   531785
2023-12-01  1511.0  1500.0  1521.0  1493.6  7.537430e+08   500255
2023-12-04  1497.0  1505.4  1518.0  1490.0  7.543507e+08   501324
2023-12-05  1508.4  1542.4  1549.0  1508.4  1.516392e+09   990731
2023-12-06  1547.8  1505.8  1549.8  1495.0  1.475111e+09   964477
2023-12-07  1508.8  1515.2  1527.6  1505.8  9.017205e+08   594392
2023-12-08  1514.0  1531.4  1542.0  1514.0  5.812932e+08   380355
2023-12-11  1536.0  1491.0  1542.0  1475.2  1.095865e+09   728038
2023-12-12  1488.0  1496.4  1516.0  1470.0  8.579094e+08   572832
2023-12-13  1493.0  1507.6  1510.6  1484.2  5.038935e+08   335729
2023-12-14  1510.0  1460.2  1514.4  1455.0  8.791751e+08   590831
2023-12-15  1460.0  1494.6  1498.2  1456.0  1.109085e+09   750359
2023-12-18  1506.0  1501.0  1509.2  1494.0  1.214214e+09   808735
2023-12-19  1501.0  1531.4  1539.0  1498.2  1.513526e+09   993011
2023-12-20  1536.8  1531.2  1544.8  1515.6  1.191162e+09   778059
2023-12-21  1531.2  1478.2  1532.8  1452.4  4.657419e+09  3143407
2023-12-22  1484.8  1489.6  1508.0  1471.2  1.792201e+09  1200881
2023-12-25  1470.0  1478.0  1489.8  1455.2  1.289910e+09   871849
2023-12-26  1480.0  1476.2  1496.0  1475.0  1.028045e+09   693636
2023-12-27  1476.4  1450.6  1480.0  1450.0  1.479801e+09  1010547
2023-12-28  1450.2  1448.0  1464.0  1440.4  1.302165e+09   895672
2023-12-29  1446.0  1463.2  1475.0  1445.4  7.804161e+08   532678