begin                                                             
2023-01-03  367.95  368.05  372.75  366.20  9.781591e+08   2643653
2023-01-04  366.50  365.80  367.60  363.25  6.594969e+08   1805528
2023-01-05  367.20  367.50  369.00  365.80  4.872957e+08   1325831
2023-01-06  368.00  367.30  368.50  366.75  3.449468e+08    938436
2023-01-09  368.20  367.95  369.70  366.05  1.602452e+09   4351231
2023-01-10  367.30  366.75  368.00  362.20  2.043230e+09   5593572
2023-01-11  347.60  347.35  350.50  345.00  2.856692e+09   8210663
2023-01-12  347.20  346.85  347.80  345.60  5.308599e+08   1530649
2023-01-13  346.00  346.05  347.00  345.35  4.880202e+08   1410265
2023-01-16  346.45  345.80  347.60  345.05  5.928599e+08   1712033
2023-01-17  345.70  341.35  345.90  340.30  6.896152e+08   2008466
2023-01-18  340.35  344.15  345.90  340.15  7.015377e+08   2042642
2023-01-19  343.30  339.80  343.85  339.00  5.769765e+08   1693494
2023-01-20  339.90  336.55  340.45  334.50  7.717163e+08   2291895
2023-01-23  338.50  340.05  340.25  336.20  3.922276e+08   1157821
2023-01-24  340.95  336.75  343.00  335.80  6.259745e+08   1842595
2023-01-25  336.55  338.20  338.80  335.40  4.348510e+08   1289489
2023-01-26  338.40  335.00  339.20  334.10  7.034236e+08   2094299
2023-01-27  334.90  336.95  337.80  333.40  4.879078e+08   1452416
2023-01-30  337.10  337.65  338.70  335.50  4.516014e+08   1340203
2023-01-31  337.10  340.75  340.90  337.10  7.141848e+08   2100646
2023-02-01  340.95  343.00  344.40  340.90  9.680868e+08   2824423
2023-02-02  344.30  342.10  344.95  341.45  5.769810e+08   1679683
2023-02-03  342.00  341.85  343.75  339.00  5.718510e+08   1675134
2023-02-06  341.50  347.10  347.95  341.10  1.035629e+09   2997448
2023-02-07  348.00  355.25  358.15  346.75  1.896253e+09   5389845
2023-02-08  355.60  349.85  359.35  348.05  1.690269e+09   4779204
2023-02-09  359.25  350.20  359.30  347.05  9.460607e+08   2690042
2023-02-10  349.10  351.00  351.80  347.30  5.675403e+08   1620455
2023-02-13  350.25  349.40  355.00  349.20  5.844999e+08   1657489
2023-02-14  349.90  344.20  350.40  343.50  1.106718e+09   3195263
2023-02-15  343.05  339.60  346.00  334.40  1.172120e+09   3436125
2023-02-16  341.25  342.55  344.95  340.55  5.858618e+08   1708870
2023-02-17  341.20  345.10  346.80  339.40  6.150300e+08   1786186
2023-02-20  345.10  347.10  348.45  339.00  8.342459e+08   2427456
2023-02-21  347.10  352.65  354.60  347.00  1.243056e+09   3530968
2023-02-22  352.65  353.75  354.65  349.40  5.666534e+08   1609305
2023-02-24  354.10  352.45  355.65  350.15  4.111313e+08   1165938
2023-02-27  350.30  357.75  359.00  350.30  8.371421e+08   2348863
2023-02-28  357.75  358.40  361.35  356.35  9.371088e+08   2611622
2023-03-01  359.10  361.40  364.45  358.60  9.674094e+08   2680417
2023-03-02  361.70  355.05  361.90  354.15  1.294983e+09   3623800
2023-03-03  354.20  358.80  359.60  354.20  5.848990e+08   1636611
2023-03-06  361.90  365.35  365.95  359.80  9.023896e+08   2482957
2023-03-07  365.35  364.30  366.00  362.75  7.484433e+08   2056313
2023-03-09  365.00  364.00  366.45  362.65  5.971296e+08   1638130
2023-03-10  363.00  365.90  366.55  359.55  8.255934e+08   2272085
2023-03-13  366.20  363.50  368.25  360.05  1.142238e+09   3132965
2023-03-14  362.40  364.55  371.00  362.00  1.024922e+09   2803166
2023-03-15  365.00  357.95  367.90  355.50  1.310822e+09   3639368
2023-03-16  356.25  359.20  359.50  353.20  7.872432e+08   2208146
2023-03-17  360.30  365.20  366.00  357.25  1.620870e+09   4452974
2023-03-20  366.30  377.40  380.00  364.65  2.530934e+09   6769923
2023-03-21  379.50  371.80  384.70  367.65  2.467429e+09   6554295
2023-03-22  371.00  375.50  379.70  368.25  1.253723e+09   3346310
2023-03-23  375.70  374.45  378.05  371.80  6.552665e+08   1746571
2023-03-24  375.10  377.25  378.00  373.40  4.624222e+08   1230966
2023-03-27  378.95  383.25  384.95  377.65  1.118996e+09   2928598
2023-03-28  384.20  381.50  384.55  377.65  8.636134e+08   2270117
2023-03-29  383.00  385.45  386.65  378.15  1.220035e+09   3176687
2023-03-30  385.55  386.15  387.85  383.00  6.563964e+08   1701207
2023-03-31  386.95  380.90  386.95  376.10  1.178875e+09   3101882
2023-04-03  393.80  390.90  396.00  388.10  2.501569e+09   6386926
2023-04-04  391.90  390.00  394.10  387.25  1.271175e+09   3245886
2023-04-05  390.30  389.70  391.95  382.15  1.029102e+09   2653529
2023-04-06  390.00  389.80  393.40  388.60  1.042081e+09   2661881
2023-04-07  390.75  391.70  392.20  386.65  6.987237e+08   1794366
2023-04-10  391.75  393.50  395.45  391.20  9.905446e+08   2516249
2023-04-11  395.00  388.35  397.45  385.10  1.351797e+09   3450707
2023-04-12  388.50  390.90  391.90  388.10  5.788105e+08   1483006
2023-04-13  391.75  390.10  391.80  387.30  4.298437e+08   1103838
2023-04-14  389.95  392.40  394.00  385.25  8.571123e+08   2199947
2023-04-17  395.00  395.85  395.95  392.60  8.231534e+08   2083987
2023-04-18  396.00  397.00  398.85  393.85  9.151290e+08   2307018
2023-04-19  397.30  396.10  402.95  394.90  1.693173e+09   4246676
2023-04-20  395.75  396.50  399.00  390.05  1.351839e+09   3423777
2023-04-21  397.80  398.75  401.00  394.55  7.397823e+08   1856130
2023-04-24  398.00  400.40  400.95  396.80  5.877166e+08   1470849
2023-04-25  399.80  396.45  400.75  395.00  5.291710e+08   1330774
2023-04-26  396.15  395.75  399.50  395.45  4.895413e+08   1231944
2023-04-27  396.00  398.25  398.60  394.35  5.143702e+08   1298205
2023-04-28  398.90  393.80  399.75  393.30  8.498848e+08   2148857
2023-05-02  393.80  390.00  395.80  387.50  1.017408e+09   2596818
2023-05-03  390.00  378.00  390.15  377.05  1.125362e+09   2929961
2023-05-04  378.45  379.95  382.10  376.00  7.268338e+08   1921550
2023-05-05  379.50  378.65  383.00  376.00  6.892552e+08   1812937
2023-05-08  379.90  381.10  382.60  378.75  2.580542e+08    678275
2023-05-10  381.00  392.10  393.45  380.05  8.773940e+08   2258482
2023-05-11  392.50  391.65  398.95  387.40  1.657217e+09   4194733
2023-05-12  391.80  398.95  398.95  390.70  9.800093e+08   2479086
2023-05-15  399.00  407.85  409.00  397.15  1.986968e+09   4928073
2023-05-16  409.00  410.75  413.80  405.25  1.260261e+09   3077580
2023-05-17  410.75  414.80  418.95  406.05  1.185508e+09   2880527
2023-05-18  416.00  414.10  417.00  411.25  1.163425e+09   2801715
2023-05-19  414.25  413.65  415.95  410.15  9.842095e+08   2380757
2023-05-22  417.00  424.50  428.35  414.20  1.774876e+09   4221302
2023-05-23  425.15  424.80  427.85  419.40  1.294808e+09   3057676
2023-05-24  425.10  436.00  440.00  422.90  2.351111e+09   5455339
2023-05-25  437.85  430.15  438.70  428.55  2.256806e+09   5216165
2023-05-26  428.85  432.90  434.65  425.30  1.389583e+09   3227713
2023-05-29  435.85  440.45  441.70  435.00  1.888653e+09   4304091
2023-05-30  438.00  434.50  444.50  431.00  2.666333e+09   6084172
2023-05-31  432.75  450.10  451.75  431.30  4.293409e+09   9676896
2023-06-01  452.00  451.50  458.85  448.00  2.562854e+09   5638696
2023-06-02  453.50  458.95  459.00  452.30  1.486976e+09   3265472
2023-06-05  466.50  458.60  472.45  454.50  3.345888e+09   7192545
2023-06-06  457.35  462.10  464.90  449.25  1.806082e+09   3970344
2023-06-07  462.15  459.85  467.95  455.80  1.495075e+09   3229091
2023-06-08  460.00  458.15  463.80  456.00  8.077537e+08   1756416
2023-06-09  459.00  463.50  464.25  456.75  1.277072e+09   2771319
2023-06-13  465.50  479.85  480.00  464.70  2.828425e+09   5960065
2023-06-14  482.00  478.40  482.85  475.20  1.833952e+09   3831121
2023-06-15  479.20  481.75  482.00  475.50  2.010864e+09   4199476
2023-06-16  482.20  480.40  483.70  477.30  1.114845e+09   2320968
2023-06-19  482.50  485.85  486.40  478.00  1.909209e+09   3952683
2023-06-20  487.00  483.40  489.65  475.65  1.835862e+09   3794972
2023-06-21  481.90  481.35  485.70  478.80  9.690802e+08   2010884
2023-06-22  481.50  475.45  482.95  470.55  1.105743e+09   2311440
2023-06-23  474.35  467.55  481.00  466.10  2.385148e+09   5057130
2023-06-26  470.10  474.40  479.35  463.95  1.819813e+09   3847536
2023-06-27  476.15  475.85  480.00  470.45  1.498035e+09   3141927
2023-06-28  476.15  477.05  478.95  474.15  8.723821e+08   1830959
2023-06-29  477.15  482.10  483.80  477.00  1.619959e+09   3361222
2023-06-30  482.70  482.35  484.50  480.70  8.424995e+08   1746703
2023-07-03  483.60  478.05  484.50  476.55  1.237673e+09   2570970
2023-07-04  478.10  473.40  479.15  467.60  1.346061e+09   2833902
2023-07-05  474.25  473.90  478.50  472.25  1.211438e+09   2549027
2023-07-06  473.35  476.75  480.00  473.35  1.622735e+09   3402404
2023-07-07  475.55  482.40  482.95  474.50  1.938775e+09   4041779
2023-07-10  470.00  477.45  477.95  470.00  2.186485e+09   4601696
2023-07-11  477.50  478.80  479.45  475.75  6.947305e+08   1455224
2023-07-12  477.50  487.05  487.85  477.50  2.389476e+09   4933142
2023-07-13  489.25  488.40  495.80  482.30  2.195377e+09   4492073
2023-07-14  487.25  487.65  489.95  484.30  9.260301e+08   1898938
2023-07-17  485.95  489.30  491.80  484.00  1.442557e+09   2952898
2023-07-18  489.30  490.15  492.60  488.60  1.177435e+09   2398976
2023-07-19  490.95  485.95  492.05  482.55  1.253782e+09   2572971
2023-07-20  485.95  475.10  487.00  475.00  1.396852e+09   2903286
2023-07-21  475.50  483.20  483.95  475.35  1.359064e+09   2828016
2023-07-24  483.20  481.60  484.50  480.00  7.991079e+08   1657519
2023-07-25  482.55  489.15  492.20  481.45  1.576970e+09   3238712
2023-07-26  488.95  486.90  491.30  486.15  1.005481e+09   2057160
2023-07-27  487.50  493.75  494.95  487.50  1.150348e+09   2341860
2023-07-28  493.80  500.65  501.00  492.40  1.954826e+09   3925034
2023-07-31  502.65  508.75  510.00  502.10  1.959003e+09   3868807
2023-08-01  510.00  516.70  518.70  502.60  2.636234e+09   5161679
2023-08-02  517.50  522.95  523.80  512.05  2.367756e+09   4559768
2023-08-03  522.75  526.70  528.95  518.60  1.659814e+09   3166505
2023-08-04  527.60  521.95  539.15  511.50  3.456815e+09   6546405
2023-08-07  526.00  524.60  540.80  518.20  3.436408e+09   6451666
2023-08-08  523.80  527.90  528.40  517.55  1.492861e+09   2864033
2023-08-09  529.00  533.20  533.95  525.30  1.447981e+09   2729513
2023-08-10  534.40  535.20  537.90  532.50  1.146692e+09   2142296
2023-08-11  536.15  549.00  549.60  530.15  3.181969e+09   5881485
2023-08-14  551.00  539.75  565.00  536.60  5.740529e+09  10364274
2023-08-15  537.05  546.30  560.85  531.00  4.687022e+09   8516492
2023-08-16  546.30  532.95  550.80  523.70  3.340090e+09   6239315
2023-08-17  539.00  544.45  544.90  532.00  2.490103e+09   4620505
2023-08-18  544.00  548.20  548.65  540.15  1.406003e+09   2583363
2023-08-21  549.00  547.45  553.00  545.05  1.212256e+09   2210109
2023-08-22  548.00  549.50  550.45  542.30  1.399360e+09   2560556
2023-08-23  549.55  534.50  551.00  529.55  2.451467e+09   4535376
2023-08-24  537.00  539.80  541.50  533.35  1.052018e+09   1958712
2023-08-25  541.00  538.85  541.50  536.20  8.329132e+08   1546465
2023-08-28  540.05  545.55  546.00  537.50  1.479843e+09   2733712
2023-08-29  545.35  558.30  559.30  539.05  2.399174e+09   4401756
2023-08-30  562.00  556.90  564.40  550.65  3.430908e+09   6167526
2023-08-31  557.10  556.15  558.45  553.55  1.435196e+09   2579148
2023-09-01  556.50  559.15  559.65  553.05  1.477913e+09   2653686
2023-09-04  559.95  567.25  568.80  559.90  2.372705e+09   4194716
2023-09-05  568.00  574.40  575.75  565.05  3.660490e+09   6406793
2023-09-06  574.50  578.80  582.25  570.15  2.765035e+09   4784201
2023-09-07  578.80  564.60  584.00  555.25  4.013184e+09   7017316
2023-09-08  564.50  557.95  567.45  552.60  1.820941e+09   3261457
2023-09-11  557.50  549.10  558.25  542.05  2.307775e+09   4187326
2023-09-12  551.90  562.00  562.80  551.70  1.704022e+09   3062266
2023-09-13  563.40  555.15  563.45  553.00  1.009189e+09   1808550
2023-09-14  555.15  556.30  559.00  541.20  1.842276e+09   3342450
2023-09-15  556.55  562.80  563.00  551.70  1.805466e+09   3234739
2023-09-18  565.00  557.10  570.90  556.10  1.609645e+09   2851153
2023-09-19  558.60  544.00  559.95  542.95  2.027324e+09   3686091
2023-09-20  544.00  529.35  549.70  527.35  5.291148e+09   9824200
2023-09-21  528.00  508.00  528.00  504.20  7.798863e+09  15090715
2023-09-22  510.00  513.90  515.80  497.75  5.913166e+09  11597068
2023-09-25  513.90  520.65  523.00  510.00  3.004433e+09   5799688
2023-09-26  518.95  517.85  519.90  508.15  2.154283e+09   4187848
2023-09-27  520.30  529.95  531.25  519.40  2.639358e+09   5004800
2023-09-28  531.40  535.70  537.00  530.50  2.113440e+09   3956580
2023-09-29  536.00  537.00  539.40  532.30  1.708622e+09   3187176
2023-10-02  538.50  535.55  544.35  534.55  2.188356e+09   4053827
2023-10-03  534.65  538.90  540.65  526.90  1.705787e+09   3202852
2023-10-04  538.20  533.95  543.25  533.60  1.857746e+09   3438309
2023-10-05  536.00  534.70  539.60  530.30  1.337053e+09   2498335
2023-10-06  534.50  534.20  537.65  530.00  1.576214e+09   2961059
2023-10-09  541.10  552.50  553.20  538.60  3.814160e+09   6967992
2023-10-10  552.00  549.00  554.50  547.05  1.621388e+09   2946699
2023-10-11  549.50  540.35  559.65  537.30  3.520102e+09   6376794
2023-10-12  538.40  546.05  548.70  535.00  2.213190e+09   4066793
2023-10-13  546.65  561.85  562.00  545.40  2.757295e+09   4973328
2023-10-16  564.00  568.65  569.95  561.05  2.870297e+09   5076954
2023-10-17  568.85  573.05  574.50  563.15  2.444283e+09   4295747
2023-10-18  574.95  586.80  589.90  573.55  5.654469e+09   9706146
2023-10-19  586.00  595.25  596.25  580.55  3.502189e+09   5963953
2023-10-20  596.00  602.90  605.25  586.70  4.710477e+09   7898736
2023-10-23  600.10  593.30  607.80  590.35  3.590768e+09   6000105
2023-10-24  593.00  586.20  593.20  584.50  2.276857e+09   3869764
2023-10-25  585.00  590.50  593.40  580.70  2.485182e+09   4242769
2023-10-26  590.50  583.00  594.50  582.65  2.046720e+09   3477671
2023-10-27  584.50  594.60  597.95  576.00  4.009335e+09   6836907
2023-10-30  593.25  587.20  593.25  586.15  1.666943e+09   2826259
2023-10-31  586.00  574.55  588.40  571.40  2.759752e+09   4771075
2023-11-01  574.00  579.50  586.30  573.70  2.394469e+09   4126340
2023-11-02  581.30  586.25  589.75  580.75  2.006862e+09   3432312
2023-11-03  588.40  581.50  590.00  577.80  2.153992e+09   3693322
2023-11-06  582.50  588.95  589.00  580.60  1.108362e+09   1893451
2023-11-07  588.60  583.95  589.00  583.60  1.296918e+09   2211960
2023-11-08  583.95  581.65  587.85  581.05  1.352334e+09   2315948
2023-11-09  581.40  583.10  587.55  576.00  1.963083e+09   3373607
2023-11-10  583.40  598.30  601.45  583.00  5.715317e+09   9601177
2023-11-13  600.00  598.30  601.85  593.75  2.581323e+09   4317581
2023-11-14  597.80  591.30  598.95  581.35  2.755175e+09   4653735
2023-11-15  589.90  585.00  590.70  580.10  3.083703e+09   5268513
2023-11-16  583.50  572.75  587.00  570.35  2.078816e+09   3579808
2023-11-17  572.55  583.30  583.40  568.55  2.784590e+09   4832114
2023-11-20  584.50  581.50  586.15  579.85  1.272557e+09   2183257
2023-11-21  581.00  583.40  584.60  576.40  1.227485e+09   2115754
2023-11-22  582.75  581.75  586.60  580.05  1.586809e+09   2722059
2023-11-23  581.60  580.80  582.70  580.00  7.542335e+08   1298090
2023-11-24  581.20  578.85  584.50  571.50  1.993744e+09   3449893
2023-11-27  578.20  578.00  583.85  574.50  1.582818e+09   2731793
2023-11-28  576.00  589.90  589.90  573.00  1.993811e+09   3429134
2023-11-29  589.90  593.45  594.00  583.45  2.102097e+09   3570342
2023-11-30  598.00  584.30  598.00  582.05  3.316586e+09   5645836
2023-12-01  583.50  575.15  584.05  574.05  1.523721e+09   2625750
2023-12-04  573.85  565.00  574.90  562.15  1.928101e+09   3385782
2023-12-05  567.10  574.35  576.75  563.00  1.282645e+09   2249090
2023-12-06  574.80  565.55  575.80  563.00  1.284248e+09   2262240
2023-12-07  564.50  560.60  570.65  558.50  2.261726e+09   4015589
2023-12-08  563.00  564.70  567.15  560.00  9.049865e+08   1606316
2023-12-11  564.70  555.00  568.00  553.55  1.368524e+09   2440767
2023-12-12  554.55  549.55  557.40  545.05  1.400645e+09   2542798
2023-12-13  546.00  555.85  556.55  544.30  9.603178e+08   1743135
2023-12-14  557.40  535.70  558.60  535.65  1.861884e+09   3418325
2023-12-15  535.50  561.50  563.00  535.50  2.168869e+09   3949304
2023-12-18  568.30  566.65  569.50  563.10  2.056515e+09   3630477
2023-12-19  566.65  574.00  574.80  564.25  1.773895e+09   3118813
2023-12-20  574.25  578.60  584.90  573.20  1.963751e+09   3382309
2023-12-21  581.20  577.10  581.20  569.50  1.716911e+09   2984797
2023-12-22  580.00  583.75  585.45  578.15  1.504713e+09   2581816
2023-12-25  585.85  584.45  588.45  580.00  9.900001e+08   1694085
2023-12-26  585.00  589.30  592.00  583.00  1.312060e+09   2232310
2023-12-27  590.45  594.55  596.65  589.50  1.723757e+09   2902895
2023-12-28  596.70  591.90  596.70  589.10  1.085160e+09   1830269
2023-12-29  591.60  593.20  595.25  586.35  1.113253e+09   1878824