<DATE> <TIME> <OPEN> <HIGH> <LOW> <CLOSE> <VOL>
240103 100000 271.7500000 271.9000000 271.0000000 271.8900000 1535410
240103 103000 271.8900000 273.7000000 271.8800000 273.4800000 3713020
240103 110000 273.4900000 274.3600000 273.4800000 274.0100000 2413780
240103 113000 274.0100000 274.2100000 273.8300000 273.9300000 910970
240103 120000 273.9300000 273.9500000 273.0900000 273.3900000 1550200
240103 123000 273.3900000 273.8100000 273.2100000 273.7000000 675370
240103 130000 273.7000000 273.8600000 273.2500000 273.8500000 669540
240103 133000 273.8500000 274.2000000 273.7000000 273.7200000 979240
240103 140000 273.7100000 274.0900000 273.7000000 274.0000000 380840
240103 143000 274.0200000 274.1000000 273.8400000 274.1000000 384900
240103 150000 274.1000000 274.4500000 274.0600000 274.2500000 938310
240103 153000 274.2200000 274.3600000 274.0800000 274.3400000 324350
240103 160000 274.3300000 274.3500000 273.9000000 273.9100000 457690
240103 163000 273.9200000 274.2700000 273.9000000 274.2400000 322670
240103 170000 274.2000000 274.2800000 274.0800000 274.1700000 215120
240103 173000 274.1700000 274.3500000 274.1500000 274.2700000 818190
240103 180000 274.2700000 274.3800000 274.1100000 274.1500000 429970
240103 183000 274.1900000 274.3200000 273.6400000 273.6400000 1366780
240103 190000 273.7800000 273.9600000 273.7700000 273.9100000 549230
240103 193000 273.9100000 273.9600000 273.8000000 273.9500000 146920
240103 200000 273.9300000 273.9400000 273.8200000 273.9000000 45130
240103 203000 273.9100000 273.9500000 273.7700000 273.8500000 136520
240103 210000 273.8000000 273.9500000 273.7500000 273.9300000 96230
240103 213000 273.9400000 274.1000000 273.8500000 274.0900000 213640
240103 220000 274.0900000 274.1000000 273.9300000 274.0200000 133160
240103 223000 274.0200000 274.1000000 273.9400000 274.1000000 120360
240103 230000 274.0900000 274.4000000 274.0400000 274.3100000 413930
240103 233000 274.3600000 274.7000000 274.3200000 274.5600000 467090
240104 100000 274.6800000 275.4800000 274.6000000 274.8400000 2434990
240104 103000 274.8400000 274.9300000 274.1000000 274.4500000 1708170
240104 110000 274.4500000 274.5500000 274.2600000 274.5000000 334310
240104 113000 274.5000000 274.9100000 274.4700000 274.8500000 742170
240104 120000 274.8600000 274.8900000 274.2400000 274.2500000 528880
240104 123000 274.2800000 274.6600000 273.8400000 273.8900000 953610
240104 130000 273.8900000 274.2800000 273.8100000 274.1100000 479840
240104 133000 274.1100000 274.2400000 274.0000000 274.1100000 388710
240104 140000 274.1100000 274.1900000 274.0200000 274.1400000 173850
240104 143000 274.1400000 274.2800000 274.0000000 274.0900000 260020
240104 150000 274.1000000 274.1700000 274.0000000 274.0300000 182720
240104 153000 274.0400000 274.1200000 273.9600000 274.0600000 188560
240104 160000 274.0600000 274.0800000 273.8500000 274.0100000 447030
240104 163000 274.0000000 274.0600000 273.8000000 273.8000000 325280
240104 170000 273.8100000 273.9800000 273.8000000 273.8000000 181460
240104 173000 273.8100000 274.0000000 273.8000000 273.8900000 264180
240104 180000 273.8800000 273.9000000 273.8200000 273.8500000 155420
240104 183000 273.8400000 274.0400000 273.7100000 274.0400000 487160
240104 190000 274.1300000 274.2900000 273.7000000 274.2000000 374410
240104 193000 274.2000000 274.2500000 273.7200000 274.1100000 253690
240104 200000 274.0800000 274.0900000 273.9800000 274.0700000 52010
240104 203000 274.0800000 274.1800000 273.7900000 273.9800000 196260
240104 210000 273.9900000 274.2300000 273.9700000 274.2100000 242350
240104 213000 274.2000000 274.2400000 274.1100000 274.1100000 51210
240104 220000 274.1200000 274.2000000 274.1000000 274.1700000 50860
240104 223000 274.1200000 274.2000000 274.1000000 274.1100000 42110
240104 230000 274.1100000 274.1700000 274.0000000 274.1200000 115800
240104 233000 274.1300000 274.1400000 274.0200000 274.1200000 64490
240105 100000 274.3000000 274.6900000 274.1700000 274.6100000 750620
240105 103000 274.6000000 274.6500000 273.1300000 273.4400000 1182920
240105 110000 273.4300000 273.5800000 272.8000000 273.4600000 1617680
240105 113000 273.4700000 273.4700000 273.1500000 273.2800000 233520
240105 120000 273.2800000 273.5000000 273.0700000 273.4700000 346090
240105 123000 273.4800000 273.4800000 273.0600000 273.3300000 187030
240105 130000 273.3300000 273.6600000 273.1200000 273.5200000 633540
240105 133000 273.5200000 273.6500000 273.0000000 273.2100000 607620
240105 140000 273.2000000 273.5000000 273.1800000 273.4700000 135480
240105 143000 273.4700000 273.5000000 273.4000000 273.4300000 70760
240105 150000 273.4100000 273.5800000 273.1300000 273.4900000 435500
240105 153000 273.4900000 273.4900000 273.3200000 273.3700000 117570
240105 160000 273.3800000 273.4600000 273.3200000 273.4400000 95060
240105 163000 273.4300000 273.4800000 273.3500000 273.4400000 223560
240105 170000 273.4500000 273.4900000 273.1600000 273.2600000 327870
240105 173000 273.2500000 273.3500000 273.0300000 273.0800000 340790
240105 180000 273.1000000 273.3600000 273.0800000 273.3100000 321720
240105 183000 273.3200000 273.4600000 273.2100000 273.4600000 573710
240105 190000 273.2500000 273.5200000 273.2500000 273.4000000 348620
240105 193000 273.4000000 273.4300000 273.3300000 273.4000000 98650
240105 200000 273.4000000 273.4200000 273.2800000 273.3000000 136230
240105 203000 273.3000000 273.3900000 273.2400000 273.3700000 55740
240105 210000 273.3600000 273.4200000 273.2500000 273.3300000 161120
240105 213000 273.3100000 273.4100000 273.2500000 273.3700000 62410
240105 220000 273.3500000 273.4500000 273.3300000 273.3500000 63650
240105 223000 273.3500000 273.4900000 273.3500000 273.4900000 91990
240105 230000 273.4900000 273.5500000 273.4400000 273.5500000 173210
240105 233000 273.5500000 273.7000000 273.5200000 273.6200000 229720
240108 100000 273.5900000 275.3000000 273.5300000 275.1800000 3045820
240108 103000 275.1900000 275.4000000 274.9000000 275.0400000 1206680
240108 110000 275.0500000 275.1000000 274.6600000 274.8700000 1137790
240108 113000 274.8800000 274.9500000 274.6600000 274.7900000 510140
240108 120000 274.7800000 274.7900000 274.4000000 274.4100000 564700
240108 123000 274.4200000 274.7500000 274.3600000 274.6400000 279940
240108 130000 274.6400000 274.7800000 274.3600000 274.5000000 390210
240108 133000 274.5000000 275.2800000 274.4600000 275.0200000 1133290
240108 140000 275.0400000 276.3400000 274.9000000 276.2000000 2272790
240108 143000 276.2000000 276.5000000 275.8500000 276.4900000 1536480
240108 150000 276.5000000 277.0000000 276.2800000 276.9600000 2308850
240108 153000 276.9600000 276.9600000 276.4200000 276.6300000 566510
240108 160000 276.6200000 276.6900000 276.1700000 276.3500000 455620
240108 163000 276.3500000 276.4700000 276.1800000 276.3100000 465590
240108 170000 276.3000000 276.5000000 275.8100000 276.4500000 1054880
240108 173000 276.4600000 276.4800000 275.7300000 276.0100000 872820
240108 180000 276.0100000 276.0200000 275.7500000 275.9900000 507230
240108 183000 275.9900000 276.1200000 275.8100000 275.8100000 514270
240108 190000 275.8300000 276.5000000 275.8200000 276.4800000 449470
240108 193000 276.4800000 276.4800000 276.2000000 276.3200000 250130
240108 200000 276.3300000 276.3500000 276.2400000 276.2700000 105250
240108 203000 276.2700000 276.3200000 276.0800000 276.2000000 217220
240108 210000 276.2200000 276.3500000 276.1700000 276.2800000 157330
240108 213000 276.2700000 276.3700000 276.2000000 276.3600000 216320
240108 220000 276.3600000 276.4900000 276.3300000 276.4900000 498760
240108 223000 276.4800000 276.7300000 276.3800000 276.4900000 239280
240108 230000 276.5000000 276.6400000 276.4300000 276.6400000 208590
240108 233000 276.6400000 276.7700000 276.6100000 276.7600000 261490
240109 100000 276.9400000 278.0000000 275.7200000 275.9800000 2548700
240109 103000 275.9700000 276.0100000 275.3500000 275.8300000 2108420
240109 110000 275.8300000 275.8300000 275.0300000 275.4700000 1438300
240109 113000 275.4700000 275.5500000 275.2000000 275.4900000 930910
240109 120000 275.4900000 275.8300000 275.4500000 275.5700000 813120
240109 123000 275.5800000 275.7000000 275.3700000 275.4900000 525830
240109 130000 275.5000000 275.5000000 275.3700000 275.4400000 342580
240109 133000 275.4400000 275.5000000 275.2300000 275.3000000 586800
240109 140000 275.3000000 275.4200000 274.7100000 275.2700000 1445000
240109 143000 275.2700000 275.5000000 275.2700000 275.4900000 538990
240109 150000 275.4900000 275.5000000 275.0000000 275.2800000 492810
240109 153000 275.2600000 275.4500000 275.1000000 275.4500000 522330
240109 160000 275.4300000 275.5500000 275.3700000 275.4200000 494800
240109 163000 275.4300000 275.7900000 275.3900000 275.7400000 1061760
240109 170000 275.7400000 275.8100000 275.3900000 275.8100000 930320
240109 173000 275.8100000 276.0500000 275.7400000 275.9200000 1740030
240109 180000 275.9200000 276.2000000 275.7800000 275.8400000 1038280
240109 183000 275.8300000 276.0000000 275.7500000 276.0000000 387140
240109 190000 276.0000000 276.1900000 275.6400000 275.7600000 403980
240109 193000 275.7600000 275.8700000 275.7500000 275.8300000 130040
240109 200000 275.8200000 276.0000000 275.8200000 275.9600000 199450
240109 203000 275.9500000 276.0600000 275.9100000 275.9700000 132100
240109 210000 275.9900000 276.0400000 275.9100000 275.9500000 94540
240109 213000 275.9500000 275.9700000 275.8300000 275.9600000 114080
240109 220000 275.9500000 276.0300000 275.8800000 275.9900000 111670
240109 223000 275.9900000 276.0000000 275.8600000 275.8900000 83900
240109 230000 275.9600000 275.9600000 275.1800000 275.5000000 609260
240109 233000 275.5000000 275.5000000 275.0100000 275.2800000 437980
240110 100000 275.3000000 276.1600000 275.0600000 275.4500000 2046480
240110 103000 275.4300000 275.9400000 275.3000000 275.8800000 1269920
240110 110000 275.8800000 275.9000000 275.5600000 275.7500000 840530
240110 113000 275.7200000 275.9200000 275.6500000 275.7200000 813000
240110 120000 275.6900000 275.7500000 275.2000000 275.3800000 1443410
240110 123000 275.3600000 275.7100000 275.3200000 275.6800000 415890
240110 130000 275.6600000 275.7400000 275.3200000 275.3900000 455000
240110 133000 275.3900000 275.4700000 275.1000000 275.1200000 659690
240110 140000 275.1300000 275.3900000 275.1200000 275.3000000 481630
240110 143000 275.3000000 275.6000000 275.2400000 275.6000000 729390
240110 150000 275.6000000 276.0000000 275.5900000 275.9700000 1266430
240110 153000 275.9300000 275.9800000 275.7500000 275.8500000 399710
240110 160000 275.8600000 275.8900000 275.5100000 275.6300000 495050
240110 163000 275.6400000 275.7200000 275.2000000 275.2300000 675490
240110 170000 275.2300000 276.0000000 275.0600000 275.5800000 2324280
240110 173000 275.5900000 275.8000000 275.3100000 275.6200000 887700
240110 180000 275.6200000 275.8000000 275.3900000 275.5000000 659090
240110 183000 275.4100000 275.6800000 275.3300000 275.6800000 333830
240110 190000 275.5500000 275.7500000 275.4600000 275.5200000 158860
240110 193000 275.5200000 275.5800000 275.4000000 275.4700000 144420
240110 200000 275.4600000 275.5900000 275.2900000 275.2900000 169170
240110 203000 275.2900000 275.4000000 275.2500000 275.3200000 133510
240110 210000 275.3200000 275.3200000 273.6400000 274.3500000 1893010
240110 213000 274.2900000 274.7100000 274.1000000 274.5000000 635420
240110 220000 274.4900000 274.6200000 274.4000000 274.5500000 324820
240110 223000 274.5300000 274.7100000 274.0700000 274.4700000 589010
240110 230000 274.4700000 274.5700000 274.2900000 274.3200000 143920
240110 233000 274.3300000 274.6800000 274.2600000 274.4900000 230290
240111 100000 274.6200000 275.5000000 274.0100000 275.2600000 2254130
240111 103000 275.2600000 275.2600000 274.7700000 274.8500000 1109690
240111 110000 274.8500000 274.8500000 274.0800000 274.3300000 1192510
240111 113000 274.3400000 274.6000000 274.2100000 274.4000000 736440
240111 120000 274.3900000 275.1200000 274.3600000 275.0600000 1413480
240111 123000 275.0700000 275.1500000 275.0000000 275.0500000 696360
240111 130000 275.0300000 275.1200000 274.7200000 274.8500000 661210
240111 133000 274.8500000 275.3000000 274.8100000 275.1700000 757490
240111 140000 275.1800000 275.2800000 275.0400000 275.2700000 345400
240111 143000 275.2700000 275.3000000 274.9000000 274.9700000 564590
240111 150000 274.9700000 275.2700000 274.8800000 275.1600000 669920
240111 153000 275.1500000 275.1800000 274.5100000 274.5900000 560290
240111 160000 274.5900000 274.6000000 274.2000000 274.5000000 1048090
240111 163000 274.5000000 274.6000000 274.4800000 274.5600000 343000
240111 170000 274.5700000 274.5900000 274.4500000 274.4700000 324350
240111 173000 274.4600000 275.5600000 274.1000000 275.5600000 1748950
240111 180000 275.5600000 275.7500000 275.3300000 275.4700000 1562740
240111 183000 275.4800000 275.9000000 275.3900000 275.9000000 1241090
240111 190000 275.5100000 275.9000000 275.3900000 275.8200000 594600
240111 193000 275.8200000 275.8400000 275.4700000 275.6700000 214810
240111 200000 275.6700000 275.7200000 275.3900000 275.5900000 201100
240111 203000 275.5900000 275.9700000 275.5600000 275.7700000 383710
240111 210000 275.7600000 275.8200000 275.5200000 275.5400000 145620
240111 213000 275.5400000 275.8500000 275.2800000 275.8100000 258660
240111 220000 275.8000000 275.8000000 275.4100000 275.5800000 147100
240111 223000 275.5600000 275.6200000 275.4000000 275.5600000 64870
240111 230000 275.5600000 275.7000000 275.5400000 275.6400000 164630
240111 233000 275.5800000 275.7400000 275.5200000 275.7100000 115640
240112 100000 275.9000000 276.9600000 274.7700000 275.2800000 3825880
240112 103000 275.2500000 275.7700000 275.0000000 275.4600000 1109180
240112 110000 275.4700000 275.7900000 275.0200000 275.6600000 967260
240112 113000 275.6800000 276.3000000 275.5400000 275.9400000 1127000
240112 120000 275.9500000 275.9500000 275.5400000 275.5500000 263070
240112 123000 275.5500000 276.0700000 275.5300000 275.7200000 401370
240112 130000 275.7200000 275.7300000 275.2000000 275.3700000 995520
240112 133000 275.3700000 275.7000000 275.3700000 275.6700000 519140
240112 140000 275.6800000 275.7000000 275.3600000 275.3900000 283550
240112 143000 275.4200000 276.2400000 275.3900000 275.9700000 1264680
240112 150000 275.9900000 276.0000000 275.8200000 275.8800000 201080
240112 153000 275.8900000 275.8900000 275.5000000 275.8200000 599400
240112 160000 275.8500000 275.9700000 275.7000000 275.8500000 481150
240112 163000 275.8800000 275.9700000 275.5200000 275.6500000 479170
240112 170000 275.6500000 276.0000000 275.5300000 276.0000000 881940
240112 173000 275.9900000 276.2500000 275.9500000 276.0200000 1031550
240112 180000 276.1200000 276.1500000 275.7900000 275.8300000 368590
240112 183000 275.8400000 275.8400000 275.4000000 275.4000000 431560
240112 190000 275.7100000 275.7200000 275.3100000 275.4000000 273750
240112 193000 275.4500000 275.6400000 275.3100000 275.6200000 255670
240112 200000 275.6200000 275.7000000 275.4200000 275.4900000 130600
240112 203000 275.4900000 275.5400000 275.3600000 275.5100000 162890
240112 210000 275.5000000 275.6700000 275.4500000 275.6700000 203920
240112 213000 275.6600000 275.8300000 275.6000000 275.7200000 296130
240112 220000 275.7300000 275.7300000 275.5200000 275.5800000 78260
240112 223000 275.5900000 275.9700000 275.5500000 275.8500000 311840
240112 230000 275.8500000 275.9100000 275.6800000 275.8600000 196040
240112 233000 275.7700000 276.0000000 275.4000000 275.8400000 468160
240115 100000 276.3000000 277.4000000 276.0000000 277.1300000 4109210
240115 103000 277.1300000 277.7300000 276.6000000 276.8400000 2300160
240115 110000 276.8500000 277.4300000 276.8400000 276.9000000 1047980
240115 113000 276.9100000 276.9200000 276.7500000 276.7700000 698330
240115 120000 276.7700000 277.2600000 276.7500000 277.1500000 829040
240115 123000 277.1500000 277.1900000 276.4000000 276.5800000 1266000
240115 130000 276.5800000 276.8000000 276.4700000 276.6600000 545680
240115 133000 276.6600000 276.6600000 275.8900000 275.8900000 1292530
240115 140000 275.8800000 276.4300000 275.8000000 276.4300000 732740
240115 143000 276.4300000 276.6600000 276.3000000 276.3100000 389980
240115 150000 276.3100000 276.7700000 276.3000000 276.6200000 456990
240115 153000 276.6200000 276.6500000 276.3000000 276.3900000 311980
240115 160000 276.3900000 276.5000000 276.0000000 276.4900000 514520
240115 163000 276.4900000 276.4900000 276.1400000 276.2100000 398040
240115 170000 276.2000000 276.3000000 275.9200000 275.9800000 547360
240115 173000 275.9900000 276.1400000 275.2100000 275.5300000 1874490
240115 180000 275.5200000 275.8200000 275.4000000 275.5000000 892730
240115 183000 275.5000000 276.1000000 275.3700000 276.1000000 1302020
240115 190000 275.9400000 276.0500000 275.8000000 275.9100000 383210
240115 193000 275.9100000 276.0300000 275.9100000 276.0000000 170710
240115 200000 276.0000000 276.1900000 275.9000000 276.0000000 335540
240115 203000 275.9800000 276.0700000 275.8600000 275.9600000 112040
240115 210000 275.9600000 276.1900000 275.8800000 276.0000000 114040
240115 213000 276.0000000 276.0400000 275.7100000 275.7800000 258540
240115 220000 275.7800000 275.9000000 275.7400000 275.8000000 43140
240115 223000 275.8000000 276.0000000 275.7700000 275.9900000 162850
240115 230000 275.9900000 275.9900000 275.9000000 275.9500000 73220
240115 233000 275.9500000 276.0000000 275.8600000 275.9600000 120220
240116 100000 276.2400000 276.4500000 275.2500000 275.6100000 1401910
240116 103000 275.6000000 275.6100000 274.1000000 275.0400000 2014320
240116 110000 275.0300000 275.0300000 274.5700000 274.9300000 804990
240116 113000 274.9000000 274.9800000 274.7000000 274.7800000 450890
240116 120000 274.7600000 274.8500000 274.5000000 274.8500000 933830
240116 123000 274.8500000 275.0000000 274.7000000 274.7800000 1048730
240116 130000 274.7700000 275.3000000 274.7000000 275.2900000 797130
240116 133000 275.2900000 275.3200000 275.1500000 275.3200000 450610
240116 140000 275.2900000 275.3300000 275.0900000 275.1900000 377790
240116 143000 275.2000000 275.3000000 274.9200000 275.2700000 670920
240116 150000 275.2900000 275.3000000 274.9000000 274.9900000 455740
240116 153000 275.0000000 275.0000000 274.7700000 274.9900000 402480
240116 160000 274.9800000 275.0000000 274.6300000 274.9900000 469900
240116 163000 274.9900000 275.0000000 274.9200000 275.0000000 301370
240116 170000 275.0000000 275.0000000 274.7500000 274.9900000 513810
240116 173000 275.0000000 275.8900000 274.9400000 275.8400000 1452820
240116 180000 275.8500000 276.1300000 275.8000000 276.0000000 993910
240116 183000 275.9700000 276.0100000 275.7000000 275.7000000 504160
240116 190000 275.7200000 276.0800000 275.6700000 275.7900000 198980
240116 193000 275.7900000 276.1200000 275.7800000 276.0200000 226990
240116 200000 276.0200000 276.1200000 276.0200000 276.0600000 107260
240116 203000 276.0800000 276.0800000 275.9600000 275.9800000 146670
240116 210000 275.9700000 276.3000000 275.9600000 276.1900000 376390
240116 213000 276.1900000 276.2900000 276.1600000 276.2400000 159750
240116 220000 276.2500000 276.3800000 276.0500000 276.2500000 274340
240116 223000 276.2400000 276.3600000 276.1800000 276.2900000 205050
240116 230000 276.3100000 276.3500000 276.0000000 276.0700000 257070
240116 233000 276.0900000 276.1900000 276.0100000 276.0100000 86330
240117 100000 276.0200000 277.0000000 275.7500000 276.7000000 2959660
240117 103000 276.7000000 277.9900000 276.3000000 277.8200000 4548180
240117 110000 277.8300000 278.7500000 277.8200000 278.1500000 6633110
240117 113000 278.1400000 278.9500000 278.1000000 278.9200000 3055670
240117 120000 278.9100000 279.1700000 278.3900000 278.5100000 3167470
240117 123000 278.5100000 278.7000000 278.2200000 278.4800000 999760
240117 130000 278.4800000 278.9800000 278.4300000 278.7600000 1052430
240117 133000 278.7600000 278.8000000 278.3500000 278.5600000 672320
240117 140000 278.5700000 278.6000000 277.8200000 278.2100000 1858820
240117 143000 278.2100000 278.7300000 278.0800000 278.6900000 849310
240117 150000 278.6900000 278.6900000 277.9500000 278.0500000 830260
240117 153000 278.0700000 278.1800000 277.8800000 278.0600000 615390
240117 160000 278.0800000 278.4500000 277.8400000 278.1000000 824390
240117 163000 278.0800000 278.0900000 277.5000000 277.7600000 1436770
240117 170000 277.7500000 277.9400000 277.6000000 277.8200000 333340
240117 173000 277.8200000 278.1800000 277.8100000 278.1100000 499380
240117 180000 278.1100000 278.2500000 277.8500000 278.2100000 291660
240117 183000 278.2100000 278.3000000 277.7000000 277.7000000 1228480
240117 190000 277.8400000 278.0100000 277.8000000 277.8600000 523390
240117 193000 277.8600000 278.0300000 277.7000000 278.0300000 235490
240117 200000 278.0300000 278.0400000 277.9800000 278.0400000 138750
240117 203000 278.0400000 278.0400000 277.9500000 278.0300000 89850
240117 210000 278.0300000 278.0800000 277.9700000 278.0800000 77090
240117 213000 278.0700000 278.1700000 278.0000000 278.0700000 280710
240117 220000 278.1400000 278.1400000 278.0000000 278.1000000 124660
240117 223000 278.1000000 278.2400000 278.0200000 278.2400000 378530
240117 230000 278.2400000 278.2400000 278.1800000 278.2400000 167530
240117 233000 278.2300000 278.2600000 277.9600000 278.0000000 264700
240118 100000 278.2200000 278.6900000 277.5000000 277.9200000 2658470
240118 103000 277.9200000 278.4500000 277.6000000 278.2800000 1069330
240118 110000 278.2600000 278.8700000 278.1900000 278.4200000 1173250
240118 113000 278.4200000 278.5400000 277.6300000 277.9400000 1001540
240118 120000 277.9500000 278.1200000 277.1000000 277.5300000 1518650
240118 123000 277.4900000 277.9800000 277.2800000 277.5100000 835200
240118 130000 277.5100000 277.6800000 277.2100000 277.2100000 761090
240118 133000 277.2100000 277.7100000 277.2000000 277.4200000 500240
240118 140000 277.4200000 277.7000000 277.3200000 277.5500000 332840
240118 143000 277.5500000 277.7000000 277.3200000 277.5100000 314060
240118 150000 277.5100000 277.8600000 277.3100000 277.8500000 608620
240118 153000 277.8500000 278.0700000 277.5000000 277.9600000 749650
240118 160000 277.9400000 277.9700000 277.5000000 277.5400000 485000
240118 163000 277.5300000 277.6800000 277.4000000 277.4900000 782130
240118 170000 277.4800000 277.7900000 277.2800000 277.7700000 806740
240118 173000 277.7700000 277.7900000 277.4400000 277.5600000 247570
240118 180000 277.6400000 277.6500000 277.4900000 277.5500000 373540
240118 183000 277.5600000 277.7800000 277.5400000 277.7800000 310690
240118 190000 277.5100000 277.7300000 276.7600000 277.2200000 1165200
240118 193000 277.1400000 277.2400000 276.8300000 277.1600000 371280
240118 200000 277.1500000 277.1600000 276.7800000 276.8500000 336450
240118 203000 276.9000000 277.0300000 276.8400000 277.0300000 246460
240118 210000 277.0300000 277.3900000 276.7800000 277.0700000 407170
240118 213000 277.0500000 277.0700000 276.9900000 277.0000000 93630
240118 220000 277.0000000 277.2400000 276.9700000 277.1700000 141970
240118 223000 277.1600000 277.1900000 276.8800000 276.9000000 156610
240118 230000 276.8900000 277.0900000 276.8600000 276.9400000 114040
240118 233000 277.0000000 277.1000000 276.9000000 277.0700000 110410
240119 100000 277.3900000 277.4700000 276.2000000 276.6400000 2752410
240119 103000 276.6300000 276.6900000 275.5000000 275.8300000 2667530
240119 110000 275.8200000 276.2200000 275.5100000 275.9100000 1026300
240119 113000 275.9000000 276.2000000 275.0000000 275.8200000 1684830
240119 120000 275.8200000 276.2200000 275.5000000 276.1600000 553520
240119 123000 276.1500000 276.3000000 276.0000000 276.2100000 397030
240119 130000 276.2600000 276.4900000 276.0000000 276.0100000 613960
240119 133000 276.0100000 276.2100000 275.9700000 276.0000000 519480
240119 140000 276.0000000 276.0900000 275.8000000 275.9000000 370480
240119 143000 275.9000000 276.1500000 275.8800000 275.9200000 124680
240119 150000 275.9300000 276.0700000 275.1300000 275.2300000 1258580
240119 153000 275.2400000 275.3800000 274.3100000 274.5400000 2770710
240119 160000 274.5400000 274.5800000 273.5500000 273.7700000 4654660
240119 163000 273.7700000 274.4400000 273.7200000 274.3800000 997530
240119 170000 274.3700000 274.7500000 274.3000000 274.7500000 741330
240119 173000 274.7500000 274.9400000 274.3700000 274.8300000 878000
240119 180000 274.8100000 274.9500000 274.1700000 274.6600000 1476770
240119 183000 274.6900000 275.2900000 274.5300000 275.2900000 1974270
240119 190000 275.0200000 275.2300000 274.8100000 274.8100000 408980
240119 193000 274.8100000 275.0000000 274.7300000 274.9200000 214480
240119 200000 274.9200000 274.9800000 274.7800000 274.8900000 143660
240119 203000 274.8600000 274.9000000 274.7900000 274.8000000 117670
240119 210000 274.8000000 274.8000000 274.4900000 274.6100000 344690
240119 213000 274.6100000 274.7500000 274.5300000 274.7500000 164970
240119 220000 274.7500000 275.0500000 274.6400000 274.9000000 410290
240119 223000 274.9000000 274.9000000 274.8000000 274.8500000 134650
240119 230000 274.8700000 274.9000000 274.7000000 274.8900000 217980
240119 233000 274.8700000 275.0100000 274.6900000 274.8600000 419440
240122 100000 274.8900000 275.1900000 273.8500000 274.4100000 1972490
240122 103000 274.4200000 274.8000000 274.0100000 274.2000000 1225560
240122 110000 274.2000000 275.7000000 274.1900000 275.4400000 2106990
240122 113000 275.4400000 275.5100000 274.9900000 275.2900000 788300
240122 120000 275.2900000 275.6800000 274.6800000 275.3100000 1033700
240122 123000 275.3100000 275.5800000 275.0600000 275.5500000 338240
240122 130000 275.5600000 275.6700000 274.8000000 275.0000000 835000
240122 133000 275.0200000 275.2200000 274.7500000 274.9900000 406700
240122 140000 274.9900000 275.0000000 274.8300000 275.0000000 290230
240122 143000 275.0000000 275.1900000 274.7500000 275.1800000 356020
240122 150000 275.1900000 275.5800000 275.1100000 275.5600000 618620
240122 153000 275.5100000 275.8800000 275.3800000 275.7000000 705970
240122 160000 275.6800000 275.9000000 275.5500000 275.5600000 398650
240122 163000 275.5600000 275.6400000 275.0900000 275.1500000 350720
240122 170000 275.1500000 275.2500000 274.9500000 275.1700000 351520
240122 173000 275.1700000 275.5700000 275.1000000 275.4000000 281260
240122 180000 275.4200000 275.5700000 275.3600000 275.4800000 166750
240122 183000 275.4700000 275.5900000 275.0100000 275.0100000 857120
240122 190000 275.1000000 275.3600000 274.9500000 275.1600000 384940
240122 193000 275.1800000 275.2000000 274.9300000 274.9400000 211450
240122 200000 274.9600000 275.0500000 274.9300000 275.0000000 170100
240122 203000 275.0000000 275.0800000 274.9800000 275.0100000 167810
240122 210000 275.0100000 275.0100000 274.9800000 275.0100000 89140
240122 213000 275.0000000 275.1300000 274.9800000 275.1100000 173660
240122 220000 275.1200000 275.2600000 274.9800000 275.0300000 146160
240122 223000 275.0800000 275.0900000 274.7500000 274.9100000 331950
240122 230000 274.9100000 274.9600000 274.7100000 274.8200000 167170
240122 233000 274.8200000 274.9500000 274.7200000 274.9300000 124410
240123 100000 274.6900000 275.3300000 274.3100000 275.2100000 1466830
240123 103000 275.2300000 275.2900000 274.7000000 274.9000000 844750
240123 110000 274.9100000 277.1400000 274.8200000 276.7100000 4453420
240123 113000 276.7100000 277.1900000 276.4200000 276.7000000 1889160
240123 120000 276.7100000 277.1000000 276.5700000 276.8600000 1167030
240123 123000 276.8500000 276.9000000 276.7600000 276.8300000 595630
240123 130000 276.8300000 276.8500000 276.1400000 276.3600000 937680
240123 133000 276.3600000 276.4800000 275.9600000 276.1200000 931980
240123 140000 276.1300000 276.7500000 275.8100000 276.6800000 610310
240123 143000 276.6800000 276.8400000 276.3100000 276.4100000 550760
240123 150000 276.4500000 276.6200000 276.2100000 276.4400000 373000
240123 153000 276.4300000 276.7600000 276.3700000 276.4600000 196240
240123 160000 276.4700000 276.9200000 276.4000000 276.7700000 524530
240123 163000 276.7600000 276.8600000 276.5000000 276.6800000 469790
240123 170000 276.6300000 277.0000000 276.3900000 276.9800000 711870
240123 173000 276.9800000 277.2600000 276.6300000 276.7700000 1347430
240123 180000 276.7700000 276.7700000 276.4000000 276.5400000 395650
240123 183000 276.5500000 276.5600000 276.0000000 276.0000000 714130
240123 190000 276.0000000 276.2200000 275.1000000 276.0100000 828290
240123 193000 276.0200000 276.2000000 275.8500000 276.0000000 288820
240123 200000 276.0500000 276.1000000 275.8800000 276.0200000 84520
240123 203000 276.0200000 276.1200000 275.9100000 275.9700000 159020
240123 210000 275.9700000 276.0400000 275.9000000 276.0000000 120640
240123 213000 276.0000000 276.0300000 275.9000000 276.0000000 87290
240123 220000 276.0000000 276.0200000 275.9100000 275.9500000 43830
240123 223000 275.9500000 275.9900000 275.8900000 275.9000000 65540
240123 230000 275.9000000 276.0000000 275.8500000 275.9000000 76630
240123 233000 275.9000000 275.9600000 275.8400000 275.9000000 82270
240124 100000 275.9400000 276.4400000 275.6000000 275.9600000 1186090
240124 103000 275.9500000 275.9600000 275.1600000 275.2500000 1025880
240124 110000 275.2300000 275.5800000 275.0400000 275.3800000 1155510
240124 113000 275.3600000 275.7900000 275.3500000 275.4000000 852460
240124 120000 275.4000000 275.5200000 275.3100000 275.4200000 297880
240124 123000 275.4300000 275.4300000 274.7100000 274.9300000 1473470
240124 130000 274.9300000 275.1500000 274.6700000 275.1300000 467880
240124 133000 275.1300000 275.2900000 274.8000000 274.8000000 470430
240124 140000 274.8300000 275.0000000 274.0000000 274.2800000 2897820
240124 143000 274.2700000 274.4900000 273.7500000 274.1500000 2264310
240124 150000 274.1500000 274.2100000 273.7200000 274.1000000 1124030
240124 153000 274.1000000 274.3300000 273.8800000 274.1700000 843790
240124 160000 274.1700000 274.4800000 274.1600000 274.3000000 474320
240124 163000 274.2900000 274.3700000 274.2500000 274.3700000 162780
240124 170000 274.3700000 274.3800000 274.1600000 274.2500000 377760
240124 173000 274.2500000 274.2500000 274.1600000 274.2400000 444230
240124 180000 274.2400000 274.2500000 273.9200000 273.9800000 1248610
240124 183000 273.9800000 274.1000000 273.8500000 274.1000000 1156410
240124 190000 274.1900000 274.1900000 273.7700000 273.9900000 340390
240124 193000 273.9900000 274.5000000 273.9200000 274.4400000 466090
240124 200000 274.4400000 274.5200000 274.3000000 274.3200000 223200
240124 203000 274.3300000 274.3500000 274.2000000 274.3200000 271950
240124 210000 274.3200000 274.3200000 274.1000000 274.1100000 144430
240124 213000 274.1100000 274.1100000 273.9100000 273.9800000 140220
240124 220000 273.9900000 274.1000000 273.9800000 274.0200000 84150
240124 223000 274.0200000 274.0200000 273.9100000 273.9500000 107530
240124 230000 273.9400000 273.9900000 273.8400000 273.8800000 122860
240124 233000 273.8400000 273.9600000 273.7000000 273.7700000 362950
240125 100000 274.0300000 274.1800000 272.0400000 272.6100000 4952060
240125 103000 272.6100000 273.0200000 271.5500000 272.3000000 5620270
240125 110000 272.3000000 272.6900000 272.2600000 272.3500000 1500930
240125 113000 272.3500000 272.4800000 272.1000000 272.3400000 814920
240125 120000 272.3500000 272.6500000 272.1000000 272.4600000 652440
240125 123000 272.4500000 272.4600000 272.3200000 272.3300000 477600
240125 130000 272.3300000 272.3700000 271.9000000 272.3400000 794350
240125 133000 272.3400000 272.3800000 272.0500000 272.1000000 507280
240125 140000 272.1000000 272.3000000 272.0800000 272.2800000 505150
240125 143000 272.2900000 272.3700000 272.2500000 272.2800000 476320
240125 150000 272.2800000 272.3800000 272.2400000 272.3800000 889160
240125 153000 272.3800000 272.9000000 272.3500000 272.6000000 898400
240125 160000 272.6000000 273.1400000 272.5900000 273.0100000 920770
240125 163000 273.0200000 273.5000000 273.0100000 273.1300000 1078160
240125 170000 273.1400000 273.1500000 272.6300000 273.0300000 587600
240125 173000 273.0300000 273.1000000 272.9100000 273.1000000 305770
240125 180000 273.1000000 273.1500000 272.7100000 272.9300000 548020
240125 183000 272.9400000 272.9600000 272.7900000 272.9600000 760930
240125 190000 272.9600000 272.9900000 272.6400000 272.7400000 244630
240125 193000 272.7100000 272.7600000 272.4000000 272.5200000 458430
240125 200000 272.5200000 272.5200000 272.3900000 272.4300000 270690
240125 203000 272.4300000 272.5000000 272.4000000 272.4500000 212750
240125 210000 272.4500000 272.5000000 272.4000000 272.4600000 192520
240125 213000 272.4400000 272.4900000 272.4000000 272.4500000 117910
240125 220000 272.4400000 272.5000000 272.4300000 272.5000000 98810
240125 223000 272.4900000 272.8600000 272.4600000 272.8600000 280080
240125 230000 272.8500000 272.9100000 272.7900000 272.8000000 134200
240125 233000 272.7900000 272.9200000 272.6900000 272.8100000 122340
240126 100000 273.1000000 273.6000000 272.2100000 272.5500000 1456620
240126 103000 272.5500000 273.5800000 272.3600000 273.5800000 850290
240126 110000 273.5800000 273.7200000 273.0000000 273.0300000 798670
240126 113000 273.0300000 273.4600000 273.0000000 273.1700000 394670
240126 120000 273.1700000 273.1700000 272.5500000 273.0500000 690180
240126 123000 273.0500000 273.2000000 272.7500000 273.0200000 627450
240126 130000 273.0300000 273.6700000 273.0000000 273.5100000 911040
240126 133000 273.5000000 273.5100000 272.9100000 272.9900000 629740
240126 140000 272.9900000 273.3900000 272.9000000 273.3000000 271710
240126 143000 273.3000000 273.5000000 273.3000000 273.4000000 375700
240126 150000 273.4000000 273.4900000 273.0700000 273.1500000 241520
240126 153000 273.1500000 273.3300000 273.0600000 273.1900000 296960
240126 160000 273.2000000 273.4500000 273.1300000 273.4500000 138880
240126 163000 273.4500000 273.4500000 273.3000000 273.4400000 238720
240126 170000 273.4400000 273.5500000 273.0300000 273.1100000 417010
240126 173000 273.1100000 273.1100000 272.7800000 272.8900000 380020
240126 180000 272.9000000 273.1900000 272.7700000 272.9100000 276120
240126 183000 272.9100000 273.1200000 272.8500000 273.1200000 248110
240126 190000 273.1200000 273.3000000 272.5900000 272.8600000 225830
240126 193000 272.8600000 272.9300000 272.7400000 272.9100000 134550
240126 200000 272.9000000 272.9000000 272.5100000 272.5800000 381140
240126 203000 272.5800000 272.7400000 272.5100000 272.7400000 89610
240126 210000 272.7400000 272.8700000 272.5500000 272.8600000 153110
240126 213000 272.8300000 273.2800000 272.8200000 272.9600000 351730
240126 220000 272.9800000 273.0000000 272.8300000 272.8600000 71800
240126 223000 272.8600000 272.8600000 272.7600000 272.8500000 96070
240126 230000 272.8600000 273.0000000 272.8500000 272.9900000 116500
240126 233000 272.9900000 272.9900000 272.5200000 272.6500000 238910
