Date Open High Low Close Adj Close Volume
2023-01-01 7.999999979801942e-06 7.999999979801942e-06 7.999999979801942e-06 7.999999979801942e-06 7.999999979801942e-06 54630954
2023-01-02 7.999999979801942e-06 7.999999979801942e-06 7.999999979801942e-06 7.999999979801942e-06 7.999999979801942e-06 87586024
2023-01-03 7.999999979801942e-06 7.999999979801942e-06 7.999999979801942e-06 7.999999979801942e-06 7.999999979801942e-06 80033128
2023-01-04 7.999999979801942e-06 7.999999979801942e-06 7.999999979801942e-06 7.999999979801942e-06 7.999999979801942e-06 143577598
2023-01-05 7.999999979801942e-06 9.000000318337698e-06 7.999999979801942e-06 7.999999979801942e-06 7.999999979801942e-06 262459409
2023-01-06 7.999999979801942e-06 7.999999979801942e-06 7.999999979801942e-06 7.999999979801942e-06 7.999999979801942e-06 145341328
2023-01-07 7.999999979801942e-06 9.000000318337698e-06 7.999999979801942e-06 7.999999979801942e-06 7.999999979801942e-06 122401278
2023-01-08 7.999999979801942e-06 9.000000318337698e-06 7.999999979801942e-06 9.000000318337698e-06 9.000000318337698e-06 117466939
2023-01-09 9.000000318337698e-06 9.000000318337698e-06 9.000000318337698e-06 9.000000318337698e-06 9.000000318337698e-06 391325052
2023-01-10 9.000000318337698e-06 9.999999747378752e-06 9.000000318337698e-06 9.000000318337698e-06 9.000000318337698e-06 415962114
2023-01-11 9.000000318337698e-06 9.000000318337698e-06 9.000000318337698e-06 9.000000318337698e-06 9.000000318337698e-06 262690632
2023-01-12 9.000000318337698e-06 9.999999747378752e-06 9.000000318337698e-06 9.000000318337698e-06 9.000000318337698e-06 400548956
2023-01-13 9.000000318337698e-06 9.999999747378752e-06 9.000000318337698e-06 9.999999747378752e-06 9.999999747378752e-06 363109913
2023-01-14 9.999999747378752e-06 1.1000000085914508e-05 9.999999747378752e-06 9.999999747378752e-06 9.999999747378752e-06 587763520
2023-01-15 9.999999747378752e-06 1.1000000085914508e-05 9.999999747378752e-06 1.1000000085914508e-05 1.1000000085914508e-05 400585139
2023-01-16 1.1000000085914508e-05 1.1000000085914508e-05 9.999999747378752e-06 1.1000000085914508e-05 1.1000000085914508e-05 405517494
2023-01-17 1.1000000085914508e-05 1.1000000085914508e-05 9.999999747378752e-06 1.1000000085914508e-05 1.1000000085914508e-05 250210750
2023-01-18 1.1000000085914508e-05 1.2999999853491317e-05 1.1000000085914508e-05 1.1000000085914508e-05 1.1000000085914508e-05 1460356847
2023-01-19 1.1000000085914508e-05 1.2000000424450263e-05 1.1000000085914508e-05 1.2000000424450263e-05 1.2000000424450263e-05 400204465
2023-01-20 1.2000000424450263e-05 1.2000000424450263e-05 1.1000000085914508e-05 1.2000000424450263e-05 1.2000000424450263e-05 387155910
2023-01-21 1.2000000424450263e-05 1.2000000424450263e-05 1.2000000424450263e-05 1.2000000424450263e-05 1.2000000424450263e-05 498671144
2023-01-22 1.2000000424450263e-05 1.2000000424450263e-05 1.2000000424450263e-05 1.2000000424450263e-05 1.2000000424450263e-05 379150200
2023-01-23 1.2000000424450263e-05 1.2000000424450263e-05 1.2000000424450263e-05 1.2000000424450263e-05 1.2000000424450263e-05 263047877
2023-01-24 1.2000000424450263e-05 1.2000000424450263e-05 1.1000000085914508e-05 1.1000000085914508e-05 1.1000000085914508e-05 275464907
2023-01-25 1.1000000085914508e-05 1.2000000424450263e-05 1.1000000085914508e-05 1.2000000424450263e-05 1.2000000424450263e-05 289308795
2023-01-26 1.2000000424450263e-05 1.2000000424450263e-05 1.1000000085914508e-05 1.2000000424450263e-05 1.2000000424450263e-05 224253546
2023-01-27 1.2000000424450263e-05 1.2000000424450263e-05 1.1000000085914508e-05 1.2000000424450263e-05 1.2000000424450263e-05 200955714
2023-01-28 1.2000000424450263e-05 1.2000000424450263e-05 1.2000000424450263e-05 1.2000000424450263e-05 1.2000000424450263e-05 320151728
2023-01-29 1.2000000424450263e-05 1.2000000424450263e-05 1.2000000424450263e-05 1.2000000424450263e-05 1.2000000424450263e-05 225732341
2023-01-30 1.2000000424450263e-05 1.2000000424450263e-05 1.1000000085914508e-05 1.2000000424450263e-05 1.2000000424450263e-05 300495992
2023-01-31 1.2000000424450263e-05 1.2000000424450263e-05 1.1000000085914508e-05 1.2000000424450263e-05 1.2000000424450263e-05 306240450
2023-02-01 1.2000000424450263e-05 1.2000000424450263e-05 1.1000000085914508e-05 1.2000000424450263e-05 1.2000000424450263e-05 300740434
2023-02-02 1.2000000424450263e-05 1.2999999853491317e-05 1.2000000424450263e-05 1.2000000424450263e-05 1.2000000424450263e-05 547280634
2023-02-03 1.2000000424450263e-05 1.2999999853491317e-05 1.2000000424450263e-05 1.2999999853491317e-05 1.2999999853491317e-05 444629769
2023-02-04 1.2999999853491317e-05 1.5999999959603883e-05 1.2999999853491317e-05 1.4999999621068127e-05 1.4999999621068127e-05 1728233566
2023-02-05 1.4999999621068127e-05 1.4999999621068127e-05 1.4000000192027073e-05 1.4000000192027073e-05 1.4000000192027073e-05 963577448
2023-02-06 1.4000000192027073e-05 1.4999999621068127e-05 1.4000000192027073e-05 1.4000000192027073e-05 1.4000000192027073e-05 583628395
2023-02-07 1.4000000192027073e-05 1.4000000192027073e-05 1.4000000192027073e-05 1.4000000192027073e-05 1.4000000192027073e-05 491430776
2023-02-08 1.4000000192027073e-05 1.4000000192027073e-05 1.4000000192027073e-05 1.4000000192027073e-05 1.4000000192027073e-05 377501863
2023-02-09 1.4000000192027073e-05 1.4000000192027073e-05 1.2000000424450263e-05 1.2000000424450263e-05 1.2000000424450263e-05 504958773
2023-02-10 1.2000000424450263e-05 1.2999999853491317e-05 1.2000000424450263e-05 1.2999999853491317e-05 1.2999999853491317e-05 496921255
2023-02-11 1.2999999853491317e-05 1.2999999853491317e-05 1.2000000424450263e-05 1.2999999853491317e-05 1.2999999853491317e-05 322458630
2023-02-12 1.2999999853491317e-05 1.2999999853491317e-05 1.2999999853491317e-05 1.2999999853491317e-05 1.2999999853491317e-05 342923413
2023-02-13 1.2999999853491317e-05 1.2999999853491317e-05 1.2000000424450263e-05 1.2000000424450263e-05 1.2000000424450263e-05 352766094
2023-02-14 1.2000000424450263e-05 1.2999999853491317e-05 1.2000000424450263e-05 1.2999999853491317e-05 1.2999999853491317e-05 320847282
2023-02-15 1.2999999853491317e-05 1.4000000192027073e-05 1.2999999853491317e-05 1.4000000192027073e-05 1.4000000192027073e-05 445480035
2023-02-16 1.4000000192027073e-05 1.4000000192027073e-05 1.2999999853491317e-05 1.2999999853491317e-05 1.2999999853491317e-05 592035511
2023-02-17 1.2999999853491317e-05 1.2999999853491317e-05 1.2999999853491317e-05 1.2999999853491317e-05 1.2999999853491317e-05 351891009
2023-02-18 1.2999999853491317e-05 1.2999999853491317e-05 1.2999999853491317e-05 1.2999999853491317e-05 1.2999999853491317e-05 241875734
2023-02-19 1.2999999853491317e-05 1.4000000192027073e-05 1.2999999853491317e-05 1.2999999853491317e-05 1.2999999853491317e-05 469758008
2023-02-20 1.2999999853491317e-05 1.4000000192027073e-05 1.2999999853491317e-05 1.2999999853491317e-05 1.2999999853491317e-05 327213805
2023-02-21 1.2999999853491317e-05 1.4000000192027073e-05 1.2999999853491317e-05 1.2999999853491317e-05 1.2999999853491317e-05 344708123
2023-02-22 1.2999999853491317e-05 1.2999999853491317e-05 1.2999999853491317e-05 1.2999999853491317e-05 1.2999999853491317e-05 281815699
2023-02-23 1.2999999853491317e-05 1.4000000192027073e-05 1.2999999853491317e-05 1.2999999853491317e-05 1.2999999853491317e-05 427737260
2023-02-24 1.2999999853491317e-05 1.2999999853491317e-05 1.2000000424450263e-05 1.2999999853491317e-05 1.2999999853491317e-05 289053507
2023-02-25 1.2999999853491317e-05 1.2999999853491317e-05 1.2000000424450263e-05 1.2000000424450263e-05 1.2000000424450263e-05 201956713
2023-02-26 1.2000000424450263e-05 1.2999999853491317e-05 1.2000000424450263e-05 1.2999999853491317e-05 1.2999999853491317e-05 211029859
2023-02-27 1.2999999853491317e-05 1.2999999853491317e-05 1.2000000424450263e-05 1.2999999853491317e-05 1.2999999853491317e-05 198295872
2023-02-28 1.2999999853491317e-05 1.2999999853491317e-05 1.2000000424450263e-05 1.2000000424450263e-05 1.2000000424450263e-05 167806416
2023-03-01 1.2000000424450263e-05 1.2000000424450263e-05 1.2000000424450263e-05 1.2000000424450263e-05 1.2000000424450263e-05 160464888
2023-03-02 1.2000000424450263e-05 1.2000000424450263e-05 1.2000000424450263e-05 1.2000000424450263e-05 1.2000000424450263e-05 200047918
2023-03-03 1.2000000424450263e-05 1.2000000424450263e-05 1.1000000085914508e-05 1.1000000085914508e-05 1.1000000085914508e-05 278913476
2023-03-04 1.1000000085914508e-05 1.1000000085914508e-05 1.1000000085914508e-05 1.1000000085914508e-05 1.1000000085914508e-05 158258659
2023-03-05 1.1000000085914508e-05 1.1000000085914508e-05 1.1000000085914508e-05 1.1000000085914508e-05 1.1000000085914508e-05 129312076
2023-03-06 1.1000000085914508e-05 1.1000000085914508e-05 1.1000000085914508e-05 1.1000000085914508e-05 1.1000000085914508e-05 145395069
2023-03-07 1.1000000085914508e-05 1.1000000085914508e-05 1.1000000085914508e-05 1.1000000085914508e-05 1.1000000085914508e-05 234316370
2023-03-08 1.1000000085914508e-05 1.2000000424450263e-05 1.1000000085914508e-05 1.1000000085914508e-05 1.1000000085914508e-05 412101203
2023-03-09 1.1000000085914508e-05 1.1000000085914508e-05 9.999999747378752e-06 9.999999747378752e-06 9.999999747378752e-06 403438209
2023-03-10 9.999999747378752e-06 9.999999747378752e-06 9.999999747378752e-06 9.999999747378752e-06 9.999999747378752e-06 388815185
2023-03-11 9.999999747378752e-06 1.1000000085914508e-05 9.999999747378752e-06 9.999999747378752e-06 9.999999747378752e-06 269478872
2023-03-12 9.999999747378752e-06 1.1000000085914508e-05 9.999999747378752e-06 1.1000000085914508e-05 1.1000000085914508e-05 234753565
2023-03-13 1.1000000085914508e-05 1.1000000085914508e-05 9.999999747378752e-06 1.1000000085914508e-05 1.1000000085914508e-05 415429998
2023-03-14 1.1000000085914508e-05 1.2000000424450263e-05 1.1000000085914508e-05 1.1000000085914508e-05 1.1000000085914508e-05 506680613
2023-03-15 1.1000000085914508e-05 1.1000000085914508e-05 9.999999747378752e-06 9.999999747378752e-06 9.999999747378752e-06 393550124
2023-03-16 9.999999747378752e-06 1.1000000085914508e-05 9.999999747378752e-06 1.1000000085914508e-05 1.1000000085914508e-05 247405898
2023-03-17 1.1000000085914508e-05 1.1000000085914508e-05 9.999999747378752e-06 1.1000000085914508e-05 1.1000000085914508e-05 293202507
2023-03-18 1.1000000085914508e-05 1.1000000085914508e-05 1.1000000085914508e-05 1.1000000085914508e-05 1.1000000085914508e-05 339199096
2023-03-19 1.1000000085914508e-05 1.1000000085914508e-05 1.1000000085914508e-05 1.1000000085914508e-05 1.1000000085914508e-05 239000769
2023-03-20 1.1000000085914508e-05 1.1000000085914508e-05 9.999999747378752e-06 9.999999747378752e-06 9.999999747378752e-06 287671250
2023-03-21 9.999999747378752e-06 1.1000000085914508e-05 9.999999747378752e-06 1.1000000085914508e-05 1.1000000085914508e-05 324462055
2023-03-22 1.1000000085914508e-05 1.1000000085914508e-05 9.999999747378752e-06 1.1000000085914508e-05 1.1000000085914508e-05 343049882
2023-03-23 1.1000000085914508e-05 1.1000000085914508e-05 1.1000000085914508e-05 1.1000000085914508e-05 1.1000000085914508e-05 213909769
2023-03-24 1.1000000085914508e-05 1.1000000085914508e-05 9.999999747378752e-06 1.1000000085914508e-05 1.1000000085914508e-05 200122400
2023-03-25 1.1000000085914508e-05 1.1000000085914508e-05 9.999999747378752e-06 1.1000000085914508e-05 1.1000000085914508e-05 138048874
2023-03-26 1.1000000085914508e-05 1.1000000085914508e-05 9.999999747378752e-06 1.1000000085914508e-05 1.1000000085914508e-05 124786850
2023-03-27 1.1000000085914508e-05 1.1000000085914508e-05 9.999999747378752e-06 9.999999747378752e-06 9.999999747378752e-06 273074663
2023-03-28 9.999999747378752e-06 9.999999747378752e-06 9.999999747378752e-06 9.999999747378752e-06 9.999999747378752e-06 148367923
2023-03-29 9.999999747378752e-06 1.1000000085914508e-05 9.999999747378752e-06 1.1000000085914508e-05 1.1000000085914508e-05 204105010
2023-03-30 1.1000000085914508e-05 1.1000000085914508e-05 9.999999747378752e-06 1.1000000085914508e-05 1.1000000085914508e-05 188694559
2023-03-31 1.1000000085914508e-05 1.1000000085914508e-05 1.1000000085914508e-05 1.1000000085914508e-05 1.1000000085914508e-05 174101732
2023-04-01 1.1000000085914508e-05 1.1000000085914508e-05 1.1000000085914508e-05 1.1000000085914508e-05 1.1000000085914508e-05 369171835
2023-04-02 1.1000000085914508e-05 1.1000000085914508e-05 1.1000000085914508e-05 1.1000000085914508e-05 1.1000000085914508e-05 254661991
2023-04-03 1.1000000085914508e-05 1.2000000424450263e-05 1.1000000085914508e-05 1.1000000085914508e-05 1.1000000085914508e-05 494870868
2023-04-04 1.1000000085914508e-05 1.2000000424450263e-05 1.1000000085914508e-05 1.1000000085914508e-05 1.1000000085914508e-05 367245172
2023-04-05 1.1000000085914508e-05 1.1000000085914508e-05 1.1000000085914508e-05 1.1000000085914508e-05 1.1000000085914508e-05 235709799
2023-04-06 1.1000000085914508e-05 1.1000000085914508e-05 1.1000000085914508e-05 1.1000000085914508e-05 1.1000000085914508e-05 207144387
2023-04-07 1.1000000085914508e-05 1.1000000085914508e-05 1.1000000085914508e-05 1.1000000085914508e-05 1.1000000085914508e-05 126884635
2023-04-08 1.1000000085914508e-05 1.1000000085914508e-05 1.1000000085914508e-05 1.1000000085914508e-05 1.1000000085914508e-05 119278323
2023-04-09 1.1000000085914508e-05 1.1000000085914508e-05 1.1000000085914508e-05 1.1000000085914508e-05 1.1000000085914508e-05 125019373
2023-04-10 1.1000000085914508e-05 1.1000000085914508e-05 1.1000000085914508e-05 1.1000000085914508e-05 1.1000000085914508e-05 143685939
2023-04-11 1.1000000085914508e-05 1.1000000085914508e-05 1.1000000085914508e-05 1.1000000085914508e-05 1.1000000085914508e-05 164670494
2023-04-12 1.1000000085914508e-05 1.1000000085914508e-05 1.1000000085914508e-05 1.1000000085914508e-05 1.1000000085914508e-05 167850193
2023-04-13 1.1000000085914508e-05 1.1000000085914508e-05 1.1000000085914508e-05 1.1000000085914508e-05 1.1000000085914508e-05 171023013
2023-04-14 1.1000000085914508e-05 1.1000000085914508e-05 1.1000000085914508e-05 1.1000000085914508e-05 1.1000000085914508e-05 305858265
2023-04-15 1.1000000085914508e-05 1.2000000424450263e-05 1.1000000085914508e-05 1.2000000424450263e-05 1.2000000424450263e-05 231104645
2023-04-16 1.2000000424450263e-05 1.2000000424450263e-05 1.1000000085914508e-05 1.2000000424450263e-05 1.2000000424450263e-05 328660336
2023-04-17 1.2000000424450263e-05 1.2000000424450263e-05 1.1000000085914508e-05 1.1000000085914508e-05 1.1000000085914508e-05 325289622
2023-04-18 1.1000000085914508e-05 1.2000000424450263e-05 1.1000000085914508e-05 1.2000000424450263e-05 1.2000000424450263e-05 212355294
2023-04-19 1.2000000424450263e-05 1.2000000424450263e-05 1.1000000085914508e-05 1.1000000085914508e-05 1.1000000085914508e-05 311293493
2023-04-20 1.1000000085914508e-05 1.1000000085914508e-05 9.999999747378752e-06 1.1000000085914508e-05 1.1000000085914508e-05 244536626
2023-04-21 1.1000000085914508e-05 1.1000000085914508e-05 9.999999747378752e-06 9.999999747378752e-06 9.999999747378752e-06 200055456
2023-04-22 9.999999747378752e-06 9.999999747378752e-06 9.999999747378752e-06 9.999999747378752e-06 9.999999747378752e-06 115556606
2023-04-23 9.999999747378752e-06 9.999999747378752e-06 9.999999747378752e-06 9.999999747378752e-06 9.999999747378752e-06 114408560
2023-04-24 9.999999747378752e-06 9.999999747378752e-06 9.999999747378752e-06 9.999999747378752e-06 9.999999747378752e-06 133581849
2023-04-25 9.999999747378752e-06 9.999999747378752e-06 9.999999747378752e-06 9.999999747378752e-06 9.999999747378752e-06 125929762
2023-04-26 9.999999747378752e-06 1.1000000085914508e-05 9.999999747378752e-06 9.999999747378752e-06 9.999999747378752e-06 201161823
2023-04-27 9.999999747378752e-06 9.999999747378752e-06 9.999999747378752e-06 9.999999747378752e-06 9.999999747378752e-06 119083330
2023-04-28 9.999999747378752e-06 9.999999747378752e-06 9.999999747378752e-06 9.999999747378752e-06 9.999999747378752e-06 81673359
2023-04-29 9.999999747378752e-06 9.999999747378752e-06 9.999999747378752e-06 9.999999747378752e-06 9.999999747378752e-06 70975569
2023-04-30 9.999999747378752e-06 9.999999747378752e-06 9.999999747378752e-06 9.999999747378752e-06 9.999999747378752e-06 86965366
2023-05-01 9.999999747378752e-06 9.999999747378752e-06 9.999999747378752e-06 9.999999747378752e-06 9.999999747378752e-06 132257569
2023-05-02 9.999999747378752e-06 9.999999747378752e-06 9.999999747378752e-06 9.999999747378752e-06 9.999999747378752e-06 96912219
2023-05-03 9.999999747378752e-06 9.999999747378752e-06 9.999999747378752e-06 9.999999747378752e-06 9.999999747378752e-06 107686169
2023-05-04 9.999999747378752e-06 9.999999747378752e-06 9.999999747378752e-06 9.999999747378752e-06 9.999999747378752e-06 87126737
2023-05-05 9.999999747378752e-06 9.999999747378752e-06 9.999999747378752e-06 9.999999747378752e-06 9.999999747378752e-06 136928125
2023-05-06 9.999999747378752e-06 9.999999747378752e-06 9.000000318337698e-06 9.000000318337698e-06 9.000000318337698e-06 177152461
2023-05-07 9.000000318337698e-06 9.999999747378752e-06 9.000000318337698e-06 9.000000318337698e-06 9.000000318337698e-06 94172823
2023-05-08 9.000000318337698e-06 9.000000318337698e-06 9.000000318337698e-06 9.000000318337698e-06 9.000000318337698e-06 214449628
2023-05-09 9.000000318337698e-06 9.000000318337698e-06 9.000000318337698e-06 9.000000318337698e-06 9.000000318337698e-06 125827100
2023-05-10 9.000000318337698e-06 9.000000318337698e-06 9.000000318337698e-06 9.000000318337698e-06 9.000000318337698e-06 155909206
2023-05-11 9.000000318337698e-06 9.000000318337698e-06 9.000000318337698e-06 9.000000318337698e-06 9.000000318337698e-06 115690524
2023-05-12 9.000000318337698e-06 9.000000318337698e-06 9.000000318337698e-06 9.000000318337698e-06 9.000000318337698e-06 134528811
2023-05-13 9.000000318337698e-06 9.000000318337698e-06 9.000000318337698e-06 9.000000318337698e-06 9.000000318337698e-06 86060624
2023-05-14 9.000000318337698e-06 9.000000318337698e-06 9.000000318337698e-06 9.000000318337698e-06 9.000000318337698e-06 79040227
2023-05-15 9.000000318337698e-06 9.000000318337698e-06 9.000000318337698e-06 9.000000318337698e-06 9.000000318337698e-06 98629072
2023-05-16 9.000000318337698e-06 9.000000318337698e-06 9.000000318337698e-06 9.000000318337698e-06 9.000000318337698e-06 90714867
2023-05-17 9.000000318337698e-06 9.000000318337698e-06 9.000000318337698e-06 9.000000318337698e-06 9.000000318337698e-06 107255997
2023-05-18 9.000000318337698e-06 9.000000318337698e-06 9.000000318337698e-06 9.000000318337698e-06 9.000000318337698e-06 105248286
2023-05-19 9.000000318337698e-06 9.000000318337698e-06 9.000000318337698e-06 9.000000318337698e-06 9.000000318337698e-06 65570743
2023-05-20 9.000000318337698e-06 9.000000318337698e-06 9.000000318337698e-06 9.000000318337698e-06 9.000000318337698e-06 54364646
2023-05-21 9.000000318337698e-06 9.000000318337698e-06 9.000000318337698e-06 9.000000318337698e-06 9.000000318337698e-06 66426258
2023-05-22 9.000000318337698e-06 9.000000318337698e-06 7.999999979801942e-06 9.000000318337698e-06 9.000000318337698e-06 154480762
2023-05-23 9.000000318337698e-06 9.000000318337698e-06 9.000000318337698e-06 9.000000318337698e-06 9.000000318337698e-06 122455436
2023-05-24 9.000000318337698e-06 9.000000318337698e-06 7.999999979801942e-06 9.000000318337698e-06 9.000000318337698e-06 103506571
2023-05-25 9.000000318337698e-06 9.000000318337698e-06 7.999999979801942e-06 9.000000318337698e-06 9.000000318337698e-06 103494926
2023-05-26 9.000000318337698e-06 9.000000318337698e-06 7.999999979801942e-06 9.000000318337698e-06 9.000000318337698e-06 85128803
2023-05-27 9.000000318337698e-06 9.000000318337698e-06 9.000000318337698e-06 9.000000318337698e-06 9.000000318337698e-06 52808409
2023-05-28 9.000000318337698e-06 9.000000318337698e-06 9.000000318337698e-06 9.000000318337698e-06 9.000000318337698e-06 106827214
2023-05-29 9.000000318337698e-06 9.000000318337698e-06 9.000000318337698e-06 9.000000318337698e-06 9.000000318337698e-06 75977045
2023-05-30 9.000000318337698e-06 9.000000318337698e-06 9.000000318337698e-06 9.000000318337698e-06 9.000000318337698e-06 77925391
2023-05-31 9.000000318337698e-06 9.000000318337698e-06 7.999999979801942e-06 9.000000318337698e-06 9.000000318337698e-06 94850063
2023-06-01 9.000000318337698e-06 9.000000318337698e-06 7.999999979801942e-06 7.999999979801942e-06 7.999999979801942e-06 91129313
2023-06-02 7.999999979801942e-06 9.000000318337698e-06 7.999999979801942e-06 9.000000318337698e-06 9.000000318337698e-06 103959017
2023-06-03 9.000000318337698e-06 9.000000318337698e-06 9.000000318337698e-06 9.000000318337698e-06 9.000000318337698e-06 60013899
2023-06-04 9.000000318337698e-06 9.000000318337698e-06 9.000000318337698e-06 9.000000318337698e-06 9.000000318337698e-06 61987040
2023-06-05 9.000000318337698e-06 9.000000318337698e-06 7.999999979801942e-06 7.999999979801942e-06 7.999999979801942e-06 157539024
2023-06-06 7.999999979801942e-06 7.999999979801942e-06 7.999999979801942e-06 7.999999979801942e-06 7.999999979801942e-06 102888830
2023-06-07 7.999999979801942e-06 7.999999979801942e-06 7.999999979801942e-06 7.999999979801942e-06 7.999999979801942e-06 99119895
2023-06-08 7.999999979801942e-06 7.999999979801942e-06 7.999999979801942e-06 7.999999979801942e-06 7.999999979801942e-06 69733322
2023-06-09 7.999999979801942e-06 7.999999979801942e-06 7.999999979801942e-06 7.999999979801942e-06 7.999999979801942e-06 78014639
2023-06-10 7.999999979801942e-06 7.999999979801942e-06 6.000000212225132e-06 7.000000096013537e-06 7.000000096013537e-06 402522019
2023-06-11 7.000000096013537e-06 7.000000096013537e-06 7.000000096013537e-06 7.000000096013537e-06 7.000000096013537e-06 111177162
2023-06-12 7.000000096013537e-06 7.000000096013537e-06 6.000000212225132e-06 7.000000096013537e-06 7.000000096013537e-06 100135834
2023-06-13 7.000000096013537e-06 7.000000096013537e-06 7.000000096013537e-06 7.000000096013537e-06 7.000000096013537e-06 91647736
2023-06-14 7.000000096013537e-06 7.000000096013537e-06 6.000000212225132e-06 7.000000096013537e-06 7.000000096013537e-06 88041050
2023-06-15 7.000000096013537e-06 7.000000096013537e-06 7.000000096013537e-06 7.000000096013537e-06 7.000000096013537e-06 67879051
2023-06-16 7.000000096013537e-06 7.000000096013537e-06 7.000000096013537e-06 7.000000096013537e-06 7.000000096013537e-06 61620712
2023-06-17 7.000000096013537e-06 7.000000096013537e-06 7.000000096013537e-06 7.000000096013537e-06 7.000000096013537e-06 58866440
2023-06-18 7.000000096013537e-06 7.999999979801942e-06 7.000000096013537e-06 7.000000096013537e-06 7.000000096013537e-06 196381639
2023-06-19 7.000000096013537e-06 7.000000096013537e-06 7.000000096013537e-06 7.000000096013537e-06 7.000000096013537e-06 102490690
2023-06-20 7.000000096013537e-06 7.000000096013537e-06 7.000000096013537e-06 7.000000096013537e-06 7.000000096013537e-06 98126114
2023-06-21 7.000000096013537e-06 7.999999979801942e-06 7.000000096013537e-06 7.999999979801942e-06 7.999999979801942e-06 150062421
2023-06-22 7.999999979801942e-06 7.999999979801942e-06 7.999999979801942e-06 7.999999979801942e-06 7.999999979801942e-06 365516265
2023-06-23 7.999999979801942e-06 7.999999979801942e-06 7.999999979801942e-06 7.999999979801942e-06 7.999999979801942e-06 164734023
2023-06-24 7.999999979801942e-06 7.999999979801942e-06 7.999999979801942e-06 7.999999979801942e-06 7.999999979801942e-06 118080758
2023-06-25 7.999999979801942e-06 7.999999979801942e-06 7.999999979801942e-06 7.999999979801942e-06 7.999999979801942e-06 98980264
2023-06-26 7.999999979801942e-06 7.999999979801942e-06 7.000000096013537e-06 7.999999979801942e-06 7.999999979801942e-06 119079928
2023-06-27 7.999999979801942e-06 7.999999979801942e-06 7.999999979801942e-06 7.999999979801942e-06 7.999999979801942e-06 87322119
2023-06-28 7.999999979801942e-06 7.999999979801942e-06 7.000000096013537e-06 7.000000096013537e-06 7.000000096013537e-06 113583481
2023-06-29 7.000000096013537e-06 7.000000096013537e-06 7.000000096013537e-06 7.000000096013537e-06 7.000000096013537e-06 84527122
2023-06-30 7.000000096013537e-06 7.999999979801942e-06 7.000000096013537e-06 7.999999979801942e-06 7.999999979801942e-06 182250101
2023-07-01 7.999999979801942e-06 7.999999979801942e-06 7.999999979801942e-06 7.999999979801942e-06 7.999999979801942e-06 122321496
2023-07-02 7.999999979801942e-06 7.999999979801942e-06 7.000000096013537e-06 7.999999979801942e-06 7.999999979801942e-06 106147118
2023-07-03 7.999999979801942e-06 7.999999979801942e-06 7.999999979801942e-06 7.999999979801942e-06 7.999999979801942e-06 109637206
2023-07-04 7.999999979801942e-06 7.999999979801942e-06 7.999999979801942e-06 7.999999979801942e-06 7.999999979801942e-06 129065663
2023-07-05 7.999999979801942e-06 7.999999979801942e-06 7.000000096013537e-06 7.000000096013537e-06 7.000000096013537e-06 126328675
2023-07-06 7.000000096013537e-06 7.999999979801942e-06 7.000000096013537e-06 7.000000096013537e-06 7.000000096013537e-06 127019785
2023-07-07 7.000000096013537e-06 7.000000096013537e-06 7.000000096013537e-06 7.000000096013537e-06 7.000000096013537e-06 89254290
2023-07-08 7.000000096013537e-06 7.999999979801942e-06 7.000000096013537e-06 7.999999979801942e-06 7.999999979801942e-06 105297234
2023-07-09 7.999999979801942e-06 7.999999979801942e-06 7.999999979801942e-06 7.999999979801942e-06 7.999999979801942e-06 133918215
2023-07-10 7.999999979801942e-06 7.999999979801942e-06 7.000000096013537e-06 7.999999979801942e-06 7.999999979801942e-06 108325141
2023-07-11 7.999999979801942e-06 7.999999979801942e-06 7.000000096013537e-06 7.999999979801942e-06 7.999999979801942e-06 71224547
2023-07-12 7.999999979801942e-06 7.999999979801942e-06 7.000000096013537e-06 7.999999979801942e-06 7.999999979801942e-06 74190582
2023-07-13 7.999999979801942e-06 7.999999979801942e-06 7.000000096013537e-06 7.999999979801942e-06 7.999999979801942e-06 190705228
2023-07-14 7.999999979801942e-06 7.999999979801942e-06 7.999999979801942e-06 7.999999979801942e-06 7.999999979801942e-06 255158532
2023-07-15 7.999999979801942e-06 7.999999979801942e-06 7.999999979801942e-06 7.999999979801942e-06 7.999999979801942e-06 223007165
2023-07-16 7.999999979801942e-06 7.999999979801942e-06 7.999999979801942e-06 7.999999979801942e-06 7.999999979801942e-06 101419546
2023-07-17 7.999999979801942e-06 7.999999979801942e-06 7.999999979801942e-06 7.999999979801942e-06 7.999999979801942e-06 113742788
2023-07-18 7.999999979801942e-06 7.999999979801942e-06 7.999999979801942e-06 7.999999979801942e-06 7.999999979801942e-06 82346647
2023-07-19 7.999999979801942e-06 7.999999979801942e-06 7.999999979801942e-06 7.999999979801942e-06 7.999999979801942e-06 91008468
2023-07-20 7.999999979801942e-06 7.999999979801942e-06 7.999999979801942e-06 7.999999979801942e-06 7.999999979801942e-06 103887303
2023-07-21 7.999999979801942e-06 7.999999979801942e-06 7.999999979801942e-06 7.999999979801942e-06 7.999999979801942e-06 100942347
2023-07-22 7.999999979801942e-06 7.999999979801942e-06 7.999999979801942e-06 7.999999979801942e-06 7.999999979801942e-06 75424113
2023-07-23 7.999999979801942e-06 7.999999979801942e-06 7.999999979801942e-06 7.999999979801942e-06 7.999999979801942e-06 59571788
2023-07-24 7.999999979801942e-06 7.999999979801942e-06 7.999999979801942e-06 7.999999979801942e-06 7.999999979801942e-06 141237810
2023-07-25 7.999999979801942e-06 7.999999979801942e-06 7.999999979801942e-06 7.999999979801942e-06 7.999999979801942e-06 139018641
2023-07-26 7.999999979801942e-06 7.999999979801942e-06 7.999999979801942e-06 7.999999979801942e-06 7.999999979801942e-06 100984129
2023-07-27 7.999999979801942e-06 7.999999979801942e-06 7.999999979801942e-06 7.999999979801942e-06 7.999999979801942e-06 63203569
2023-07-28 7.999999979801942e-06 7.999999979801942e-06 7.999999979801942e-06 7.999999979801942e-06 7.999999979801942e-06 217134978
2023-07-29 7.999999979801942e-06 9.000000318337698e-06 7.999999979801942e-06 9.000000318337698e-06 9.000000318337698e-06 183879546
2023-07-30 9.000000318337698e-06 9.000000318337698e-06 7.999999979801942e-06 7.999999979801942e-06 7.999999979801942e-06 196426981
2023-07-31 7.999999979801942e-06 9.000000318337698e-06 7.999999979801942e-06 7.999999979801942e-06 7.999999979801942e-06 159425708
2023-08-01 7.999999979801942e-06 7.999999979801942e-06 7.999999979801942e-06 7.999999979801942e-06 7.999999979801942e-06 129657477
2023-08-02 7.999999979801942e-06 7.999999979801942e-06 7.999999979801942e-06 7.999999979801942e-06 7.999999979801942e-06 114045472
2023-08-03 7.999999979801942e-06 7.999999979801942e-06 7.999999979801942e-06 7.999999979801942e-06 7.999999979801942e-06 139049664
2023-08-04 7.999999979801942e-06 9.000000318337698e-06 7.999999979801942e-06 9.000000318337698e-06 9.000000318337698e-06 235650075
2023-08-05 9.000000318337698e-06 9.999999747378752e-06 9.000000318337698e-06 9.999999747378752e-06 9.999999747378752e-06 875201350
2023-08-06 9.999999747378752e-06 9.999999747378752e-06 9.000000318337698e-06 9.000000318337698e-06 9.000000318337698e-06 395379563
2023-08-07 9.000000318337698e-06 9.000000318337698e-06 9.000000318337698e-06 9.000000318337698e-06 9.000000318337698e-06 264001961
2023-08-08 9.000000318337698e-06 9.999999747378752e-06 9.000000318337698e-06 9.999999747378752e-06 9.999999747378752e-06 328117164
2023-08-09 9.999999747378752e-06 9.999999747378752e-06 9.000000318337698e-06 9.999999747378752e-06 9.999999747378752e-06 365838102
2023-08-10 9.999999747378752e-06 9.999999747378752e-06 9.999999747378752e-06 9.999999747378752e-06 9.999999747378752e-06 315120736
2023-08-11 9.999999747378752e-06 1.1000000085914508e-05 9.999999747378752e-06 9.999999747378752e-06 9.999999747378752e-06 372447515
2023-08-12 9.999999747378752e-06 1.1000000085914508e-05 9.999999747378752e-06 1.1000000085914508e-05 1.1000000085914508e-05 648834877
2023-08-13 1.1000000085914508e-05 1.1000000085914508e-05 9.999999747378752e-06 9.999999747378752e-06 9.999999747378752e-06 349928304
2023-08-14 9.999999747378752e-06 1.1000000085914508e-05 9.999999747378752e-06 9.999999747378752e-06 9.999999747378752e-06 377239263
2023-08-15 9.999999747378752e-06 1.1000000085914508e-05 9.999999747378752e-06 9.999999747378752e-06 9.999999747378752e-06 431101243
2023-08-16 9.999999747378752e-06 9.999999747378752e-06 9.000000318337698e-06 9.000000318337698e-06 9.000000318337698e-06 392364804
2023-08-17 9.000000318337698e-06 9.000000318337698e-06 7.999999979801942e-06 7.999999979801942e-06 7.999999979801942e-06 494672123
2023-08-18 7.999999979801942e-06 9.000000318337698e-06 7.999999979801942e-06 9.000000318337698e-06 9.000000318337698e-06 328219902
2023-08-19 9.000000318337698e-06 9.000000318337698e-06 7.999999979801942e-06 7.999999979801942e-06 7.999999979801942e-06 175389528
2023-08-20 7.999999979801942e-06 7.999999979801942e-06 7.999999979801942e-06 7.999999979801942e-06 7.999999979801942e-06 148506656
2023-08-21 7.999999979801942e-06 7.999999979801942e-06 7.999999979801942e-06 7.999999979801942e-06 7.999999979801942e-06 182113256
2023-08-22 7.999999979801942e-06 7.999999979801942e-06 7.999999979801942e-06 7.999999979801942e-06 7.999999979801942e-06 168923810
2023-08-23 7.999999979801942e-06 9.000000318337698e-06 7.999999979801942e-06 7.999999979801942e-06 7.999999979801942e-06 217024001
2023-08-24 7.999999979801942e-06 7.999999979801942e-06 7.999999979801942e-06 7.999999979801942e-06 7.999999979801942e-06 131422960
2023-08-25 7.999999979801942e-06 7.999999979801942e-06 7.999999979801942e-06 7.999999979801942e-06 7.999999979801942e-06 139371203
2023-08-26 7.999999979801942e-06 7.999999979801942e-06 7.999999979801942e-06 7.999999979801942e-06 7.999999979801942e-06 88453771
2023-08-27 7.999999979801942e-06 7.999999979801942e-06 7.999999979801942e-06 7.999999979801942e-06 7.999999979801942e-06 81351579
2023-08-28 7.999999979801942e-06 7.999999979801942e-06 7.999999979801942e-06 7.999999979801942e-06 7.999999979801942e-06 128284967
2023-08-29 7.999999979801942e-06 7.999999979801942e-06 7.999999979801942e-06 7.999999979801942e-06 7.999999979801942e-06 169043538
2023-08-30 7.999999979801942e-06 7.999999979801942e-06 7.999999979801942e-06 7.999999979801942e-06 7.999999979801942e-06 120300970
2023-08-31 7.999999979801942e-06 7.999999979801942e-06 7.999999979801942e-06 7.999999979801942e-06 7.999999979801942e-06 120947458
2023-09-01 7.999999979801942e-06 7.999999979801942e-06 7.999999979801942e-06 7.999999979801942e-06 7.999999979801942e-06 103722724
2023-09-02 7.999999979801942e-06 7.999999979801942e-06 7.999999979801942e-06 7.999999979801942e-06 7.999999979801942e-06 79253487
2023-09-03 7.999999979801942e-06 7.999999979801942e-06 7.999999979801942e-06 7.999999979801942e-06 7.999999979801942e-06 81621974
2023-09-04 7.999999979801942e-06 7.999999979801942e-06 7.000000096013537e-06 7.000000096013537e-06 7.000000096013537e-06 100560645
2023-09-05 7.000000096013537e-06 7.999999979801942e-06 7.000000096013537e-06 7.999999979801942e-06 7.999999979801942e-06 88484803
2023-09-06 7.999999979801942e-06 7.999999979801942e-06 7.999999979801942e-06 7.999999979801942e-06 7.999999979801942e-06 102388760
2023-09-07 7.999999979801942e-06 7.999999979801942e-06 7.999999979801942e-06 7.999999979801942e-06 7.999999979801942e-06 93343656
2023-09-08 7.999999979801942e-06 7.999999979801942e-06 7.999999979801942e-06 7.999999979801942e-06 7.999999979801942e-06 71679178
2023-09-09 7.999999979801942e-06 7.999999979801942e-06 7.999999979801942e-06 7.999999979801942e-06 7.999999979801942e-06 51836906
2023-09-10 7.999999979801942e-06 7.999999979801942e-06 7.000000096013537e-06 7.000000096013537e-06 7.000000096013537e-06 91324810
2023-09-11 7.000000096013537e-06 7.000000096013537e-06 7.000000096013537e-06 7.000000096013537e-06 7.000000096013537e-06 121420772
2023-09-12 7.000000096013537e-06 7.000000096013537e-06 7.000000096013537e-06 7.000000096013537e-06 7.000000096013537e-06 95261240
2023-09-13 7.000000096013537e-06 7.000000096013537e-06 7.000000096013537e-06 7.000000096013537e-06 7.000000096013537e-06 78812790
2023-09-14 7.000000096013537e-06 7.000000096013537e-06 7.000000096013537e-06 7.000000096013537e-06 7.000000096013537e-06 75774523
2023-09-15 7.000000096013537e-06 7.000000096013537e-06 7.000000096013537e-06 7.000000096013537e-06 7.000000096013537e-06 69764122
2023-09-16 7.000000096013537e-06 7.999999979801942e-06 7.000000096013537e-06 7.000000096013537e-06 7.000000096013537e-06 65775612
2023-09-17 7.000000096013537e-06 7.000000096013537e-06 7.000000096013537e-06 7.000000096013537e-06 7.000000096013537e-06 70966087
2023-09-18 7.000000096013537e-06 7.000000096013537e-06 7.000000096013537e-06 7.000000096013537e-06 7.000000096013537e-06 83713551
2023-09-19 7.000000096013537e-06 7.000000096013537e-06 7.000000096013537e-06 7.000000096013537e-06 7.000000096013537e-06 74731362
2023-09-20 7.000000096013537e-06 7.000000096013537e-06 7.000000096013537e-06 7.000000096013537e-06 7.000000096013537e-06 90351669
2023-09-21 7.000000096013537e-06 7.999999979801942e-06 7.000000096013537e-06 7.000000096013537e-06 7.000000096013537e-06 95711310
2023-09-22 7.000000096013537e-06 7.000000096013537e-06 7.000000096013537e-06 7.000000096013537e-06 7.000000096013537e-06 69112892
2023-09-23 7.000000096013537e-06 7.999999979801942e-06 7.000000096013537e-06 7.999999979801942e-06 7.999999979801942e-06 133763229
2023-09-24 7.999999979801942e-06 7.999999979801942e-06 7.000000096013537e-06 7.000000096013537e-06 7.000000096013537e-06 91681495
2023-09-25 7.000000096013537e-06 7.000000096013537e-06 7.000000096013537e-06 7.000000096013537e-06 7.000000096013537e-06 74956820
2023-09-26 7.000000096013537e-06 7.000000096013537e-06 7.000000096013537e-06 7.000000096013537e-06 7.000000096013537e-06 62252388
2023-09-27 7.000000096013537e-06 7.000000096013537e-06 7.000000096013537e-06 7.000000096013537e-06 7.000000096013537e-06 79818891
2023-09-28 7.000000096013537e-06 7.000000096013537e-06 7.000000096013537e-06 7.000000096013537e-06 7.000000096013537e-06 70874096
2023-09-29 7.000000096013537e-06 7.000000096013537e-06 7.000000096013537e-06 7.000000096013537e-06 7.000000096013537e-06 85364141
2023-09-30 7.000000096013537e-06 7.000000096013537e-06 7.000000096013537e-06 7.000000096013537e-06 7.000000096013537e-06 65748769
2023-10-01 7.000000096013537e-06 7.999999979801942e-06 7.000000096013537e-06 7.999999979801942e-06 7.999999979801942e-06 88431124
2023-10-02 7.999999979801942e-06 7.999999979801942e-06 7.000000096013537e-06 7.000000096013537e-06 7.000000096013537e-06 123294741
2023-10-03 7.000000096013537e-06 7.000000096013537e-06 7.000000096013537e-06 7.000000096013537e-06 7.000000096013537e-06 75878469
2023-10-04 7.000000096013537e-06 7.000000096013537e-06 7.000000096013537e-06 7.000000096013537e-06 7.000000096013537e-06 84374231
2023-10-05 7.000000096013537e-06 7.000000096013537e-06 7.000000096013537e-06 7.000000096013537e-06 7.000000096013537e-06 62700710
2023-10-06 7.000000096013537e-06 7.000000096013537e-06 7.000000096013537e-06 7.000000096013537e-06 7.000000096013537e-06 63282138
2023-10-07 7.000000096013537e-06 7.000000096013537e-06 7.000000096013537e-06 7.000000096013537e-06 7.000000096013537e-06 47618660
2023-10-08 7.000000096013537e-06 7.000000096013537e-06 7.000000096013537e-06 7.000000096013537e-06 7.000000096013537e-06 54891353
2023-10-09 7.000000096013537e-06 7.000000096013537e-06 7.000000096013537e-06 7.000000096013537e-06 7.000000096013537e-06 115006539
2023-10-10 7.000000096013537e-06 7.000000096013537e-06 7.000000096013537e-06 7.000000096013537e-06 7.000000096013537e-06 67206129
2023-10-11 7.000000096013537e-06 7.000000096013537e-06 7.000000096013537e-06 7.000000096013537e-06 7.000000096013537e-06 80925709
2023-10-12 7.000000096013537e-06 7.000000096013537e-06 7.000000096013537e-06 7.000000096013537e-06 7.000000096013537e-06 73629138
2023-10-13 7.000000096013537e-06 7.000000096013537e-06 7.000000096013537e-06 7.000000096013537e-06 7.000000096013537e-06 63941588
2023-10-14 7.000000096013537e-06 7.000000096013537e-06 7.000000096013537e-06 7.000000096013537e-06 7.000000096013537e-06 76832228
2023-10-15 7.000000096013537e-06 7.000000096013537e-06 7.000000096013537e-06 7.000000096013537e-06 7.000000096013537e-06 68571441
2023-10-16 7.000000096013537e-06 7.000000096013537e-06 7.000000096013537e-06 7.000000096013537e-06 7.000000096013537e-06 131306194
2023-10-17 7.000000096013537e-06 7.000000096013537e-06 7.000000096013537e-06 7.000000096013537e-06 7.000000096013537e-06 87376462
2023-10-18 7.000000096013537e-06 7.000000096013537e-06 7.000000096013537e-06 7.000000096013537e-06 7.000000096013537e-06 80785804
2023-10-19 7.000000096013537e-06 7.000000096013537e-06 7.000000096013537e-06 7.000000096013537e-06 7.000000096013537e-06 89059411
2023-10-20 7.000000096013537e-06 7.000000096013537e-06 7.000000096013537e-06 7.000000096013537e-06 7.000000096013537e-06 99168668
2023-10-21 7.000000096013537e-06 7.000000096013537e-06 7.000000096013537e-06 7.000000096013537e-06 7.000000096013537e-06 90450304
2023-10-22 7.000000096013537e-06 7.000000096013537e-06 7.000000096013537e-06 7.000000096013537e-06 7.000000096013537e-06 84555508
2023-10-23 7.000000096013537e-06 7.000000096013537e-06 7.000000096013537e-06 7.000000096013537e-06 7.000000096013537e-06 202650582
2023-10-24 7.000000096013537e-06 7.999999979801942e-06 7.000000096013537e-06 7.000000096013537e-06 7.000000096013537e-06 262985582
2023-10-25 7.000000096013537e-06 7.999999979801942e-06 7.000000096013537e-06 7.999999979801942e-06 7.999999979801942e-06 249525733
2023-10-26 7.999999979801942e-06 7.999999979801942e-06 7.999999979801942e-06 7.999999979801942e-06 7.999999979801942e-06 324401717
2023-10-27 7.999999979801942e-06 7.999999979801942e-06 7.999999979801942e-06 7.999999979801942e-06 7.999999979801942e-06 146966525
2023-10-28 7.999999979801942e-06 7.999999979801942e-06 7.999999979801942e-06 7.999999979801942e-06 7.999999979801942e-06 112779399
2023-10-29 7.999999979801942e-06 7.999999979801942e-06 7.999999979801942e-06 7.999999979801942e-06 7.999999979801942e-06 136162558
2023-10-30 7.999999979801942e-06 7.999999979801942e-06 7.999999979801942e-06 7.999999979801942e-06 7.999999979801942e-06 117356801
2023-10-31 7.999999979801942e-06 7.999999979801942e-06 7.999999979801942e-06 7.999999979801942e-06 7.999999979801942e-06 163684806
2023-11-01 7.999999979801942e-06 7.999999979801942e-06 7.999999979801942e-06 7.999999979801942e-06 7.999999979801942e-06 147598308
2023-11-02 7.999999979801942e-06 7.999999979801942e-06 7.999999979801942e-06 7.999999979801942e-06 7.999999979801942e-06 166079592
2023-11-03 7.999999979801942e-06 7.999999979801942e-06 7.999999979801942e-06 7.999999979801942e-06 7.999999979801942e-06 110561656
2023-11-04 7.999999979801942e-06 7.999999979801942e-06 7.999999979801942e-06 7.999999979801942e-06 7.999999979801942e-06 95881761
2023-11-05 7.999999979801942e-06 7.999999979801942e-06 7.999999979801942e-06 7.999999979801942e-06 7.999999979801942e-06 195173578
2023-11-06 7.999999979801942e-06 9.000000318337698e-06 7.999999979801942e-06 7.999999979801942e-06 7.999999979801942e-06 194155274
2023-11-07 7.999999979801942e-06 7.999999979801942e-06 7.999999979801942e-06 7.999999979801942e-06 7.999999979801942e-06 198143240
2023-11-08 7.999999979801942e-06 7.999999979801942e-06 7.999999979801942e-06 7.999999979801942e-06 7.999999979801942e-06 128770116
2023-11-09 7.999999979801942e-06 9.000000318337698e-06 7.999999979801942e-06 7.999999979801942e-06 7.999999979801942e-06 302471582
2023-11-10 7.999999979801942e-06 9.000000318337698e-06 7.999999979801942e-06 9.000000318337698e-06 9.000000318337698e-06 224445814
2023-11-11 9.000000318337698e-06 9.999999747378752e-06 7.999999979801942e-06 9.000000318337698e-06 9.000000318337698e-06 556029608
2023-11-12 9.000000318337698e-06 9.000000318337698e-06 9.000000318337698e-06 9.000000318337698e-06 9.000000318337698e-06 198233991
2023-11-13 9.000000318337698e-06 9.000000318337698e-06 9.000000318337698e-06 9.000000318337698e-06 9.000000318337698e-06 220175066
2023-11-14 9.000000318337698e-06 9.000000318337698e-06 7.999999979801942e-06 7.999999979801942e-06 7.999999979801942e-06 196125318
2023-11-15 7.999999979801942e-06 9.000000318337698e-06 7.999999979801942e-06 9.000000318337698e-06 9.000000318337698e-06 163220870
2023-11-16 9.000000318337698e-06 9.000000318337698e-06 7.999999979801942e-06 7.999999979801942e-06 7.999999979801942e-06 274537075
2023-11-17 7.999999979801942e-06 9.000000318337698e-06 7.999999979801942e-06 9.000000318337698e-06 9.000000318337698e-06 270891490
2023-11-18 9.000000318337698e-06 9.000000318337698e-06 7.999999979801942e-06 9.000000318337698e-06 9.000000318337698e-06 164485592
2023-11-19 9.000000318337698e-06 9.000000318337698e-06 7.999999979801942e-06 9.000000318337698e-06 9.000000318337698e-06 114369523
2023-11-20 9.000000318337698e-06 9.000000318337698e-06 7.999999979801942e-06 7.999999979801942e-06 7.999999979801942e-06 144188907
2023-11-21 7.999999979801942e-06 9.000000318337698e-06 7.999999979801942e-06 7.999999979801942e-06 7.999999979801942e-06 193901019
2023-11-22 7.999999979801942e-06 7.999999979801942e-06 7.999999979801942e-06 7.999999979801942e-06 7.999999979801942e-06 141391880
2023-11-23 7.999999979801942e-06 7.999999979801942e-06 7.999999979801942e-06 7.999999979801942e-06 7.999999979801942e-06 92316794
2023-11-24 7.999999979801942e-06 7.999999979801942e-06 7.999999979801942e-06 7.999999979801942e-06 7.999999979801942e-06 125322553
2023-11-25 7.999999979801942e-06 9.000000318337698e-06 7.999999979801942e-06 7.999999979801942e-06 7.999999979801942e-06 112867264
2023-11-26 7.999999979801942e-06 7.999999979801942e-06 7.999999979801942e-06 7.999999979801942e-06 7.999999979801942e-06 121391442
2023-11-27 7.999999979801942e-06 9.000000318337698e-06 7.999999979801942e-06 7.999999979801942e-06 7.999999979801942e-06 210584943
2023-11-28 7.999999979801942e-06 7.999999979801942e-06 7.999999979801942e-06 7.999999979801942e-06 7.999999979801942e-06 131385081
2023-11-29 7.999999979801942e-06 7.999999979801942e-06 7.999999979801942e-06 7.999999979801942e-06 7.999999979801942e-06 119348745
2023-11-30 7.999999979801942e-06 7.999999979801942e-06 7.999999979801942e-06 7.999999979801942e-06 7.999999979801942e-06 299420211
2023-12-01 7.999999979801942e-06 7.999999979801942e-06 7.999999979801942e-06 7.999999979801942e-06 7.999999979801942e-06 112451792
2023-12-02 7.999999979801942e-06 9.000000318337698e-06 7.999999979801942e-06 9.000000318337698e-06 9.000000318337698e-06 117086336
2023-12-03 9.000000318337698e-06 9.000000318337698e-06 7.999999979801942e-06 9.000000318337698e-06 9.000000318337698e-06 395932758
2023-12-04 9.000000318337698e-06 9.999999747378752e-06 9.000000318337698e-06 9.000000318337698e-06 9.000000318337698e-06 479423586
2023-12-05 9.000000318337698e-06 9.999999747378752e-06 9.000000318337698e-06 9.000000318337698e-06 9.000000318337698e-06 405448514
2023-12-06 9.000000318337698e-06 1.1000000085914508e-05 9.000000318337698e-06 9.999999747378752e-06 9.999999747378752e-06 758647296
2023-12-07 9.999999747378752e-06 9.999999747378752e-06 9.000000318337698e-06 9.999999747378752e-06 9.999999747378752e-06 282576037
2023-12-08 9.999999747378752e-06 9.999999747378752e-06 9.999999747378752e-06 9.999999747378752e-06 9.999999747378752e-06 313743689
2023-12-09 9.999999747378752e-06 9.999999747378752e-06 9.999999747378752e-06 9.999999747378752e-06 9.999999747378752e-06 470549399
2023-12-10 9.999999747378752e-06 9.999999747378752e-06 9.999999747378752e-06 9.999999747378752e-06 9.999999747378752e-06 252684987
2023-12-11 9.999999747378752e-06 1.1000000085914508e-05 9.000000318337698e-06 9.999999747378752e-06 9.999999747378752e-06 396495075
2023-12-12 9.999999747378752e-06 9.999999747378752e-06 9.000000318337698e-06 9.999999747378752e-06 9.999999747378752e-06 190436920
2023-12-13 9.999999747378752e-06 9.999999747378752e-06 9.000000318337698e-06 9.999999747378752e-06 9.999999747378752e-06 192016757
2023-12-14 9.999999747378752e-06 9.999999747378752e-06 9.999999747378752e-06 9.999999747378752e-06 9.999999747378752e-06 225522582
2023-12-15 9.999999747378752e-06 9.999999747378752e-06 9.999999747378752e-06 9.999999747378752e-06 9.999999747378752e-06 175154448
2023-12-16 9.999999747378752e-06 1.2000000424450263e-05 9.999999747378752e-06 1.2000000424450263e-05 1.2000000424450263e-05 615802607
2023-12-17 1.2000000424450263e-05 1.2000000424450263e-05 9.999999747378752e-06 9.999999747378752e-06 9.999999747378752e-06 527987369
2023-12-18 9.999999747378752e-06 9.999999747378752e-06 9.999999747378752e-06 9.999999747378752e-06 9.999999747378752e-06 325699740
2023-12-19 9.999999747378752e-06 1.1000000085914508e-05 9.999999747378752e-06 9.999999747378752e-06 9.999999747378752e-06 188813285
2023-12-20 9.999999747378752e-06 9.999999747378752e-06 9.999999747378752e-06 9.999999747378752e-06 9.999999747378752e-06 172478617
2023-12-21 9.999999747378752e-06 1.1000000085914508e-05 9.999999747378752e-06 9.999999747378752e-06 9.999999747378752e-06 162850538
2023-12-22 9.999999747378752e-06 1.1000000085914508e-05 9.999999747378752e-06 1.1000000085914508e-05 1.1000000085914508e-05 270346304
2023-12-23 1.1000000085914508e-05 1.1000000085914508e-05 1.1000000085914508e-05 1.1000000085914508e-05 1.1000000085914508e-05 257167088
2023-12-24 1.1000000085914508e-05 1.1000000085914508e-05 1.1000000085914508e-05 1.1000000085914508e-05 1.1000000085914508e-05 211425154
2023-12-25 1.1000000085914508e-05 1.1000000085914508e-05 1.1000000085914508e-05 1.1000000085914508e-05 1.1000000085914508e-05 174486900
2023-12-26 1.1000000085914508e-05 1.1000000085914508e-05 9.999999747378752e-06 1.1000000085914508e-05 1.1000000085914508e-05 203936729
2023-12-27 1.1000000085914508e-05 1.1000000085914508e-05 9.999999747378752e-06 1.1000000085914508e-05 1.1000000085914508e-05 164192414
2023-12-28 1.1000000085914508e-05 1.1000000085914508e-05 9.999999747378752e-06 1.1000000085914508e-05 1.1000000085914508e-05 187014764
2023-12-29 1.1000000085914508e-05 1.1000000085914508e-05 9.999999747378752e-06 9.999999747378752e-06 9.999999747378752e-06 148130909
2023-12-30 9.999999747378752e-06 1.1000000085914508e-05 9.999999747378752e-06 9.999999747378752e-06 9.999999747378752e-06 91645462
2023-12-31 9.999999747378752e-06 1.1000000085914508e-05 9.999999747378752e-06 9.999999747378752e-06 9.999999747378752e-06 88174762
