begin                                                              
2023-01-03  21.700  21.905  22.110  21.660  1.635707e+08    7490200
2023-01-04  21.965  21.800  21.970  21.705  1.175139e+08    5391700
2023-01-05  21.750  21.725  21.870  21.650  1.032498e+08    4750300
2023-01-06  21.650  21.685  21.885  21.605  1.576529e+08    7262600
2023-01-09  21.820  21.620  21.850  21.350  3.190264e+08   14765600
2023-01-10  21.635  21.470  21.635  21.130  3.306805e+08   15436600
2023-01-11  21.450  21.805  21.845  21.330  3.873601e+08   17885500
2023-01-12  21.850  21.675  21.870  21.600  1.906133e+08    8781900
2023-01-13  21.750  21.730  21.775  21.605  1.894724e+08    8730000
2023-01-16  21.800  22.355  22.500  21.760  6.400625e+08   28753700
2023-01-17  22.335  22.040  22.745  21.930  7.311472e+08   32732100
2023-01-18  22.095  22.065  22.350  21.920  3.141673e+08   14169900
2023-01-19  22.095  21.775  22.145  21.625  2.509412e+08   11489000
2023-01-20  21.785  21.730  21.890  21.645  1.241703e+08    5715500
2023-01-23  21.760  21.945  21.950  21.750  2.292642e+08   10491300
2023-01-24  21.945  21.695  22.090  21.680  2.456638e+08   11245000
2023-01-25  21.695  21.685  21.825  21.590  1.621006e+08    7469900
2023-01-26  21.735  21.710  21.850  21.645  1.285271e+08    5912800
2023-01-27  21.700  23.285  23.300  21.670  2.585818e+09  113113600
2023-01-30  23.495  23.160  23.725  22.900  1.236457e+09   53296300
2023-01-31  23.160  23.170  23.440  23.000  5.468203e+08   23590900
2023-02-01  23.205  22.910  23.250  22.720  5.220544e+08   22715300
2023-02-02  23.000  23.180  23.680  22.900  9.231186e+08   39560600
2023-02-03  23.295  23.125  23.340  23.005  3.269140e+08   14124800
2023-02-06  23.205  23.410  23.550  23.125  5.503855e+08   23553100
2023-02-07  23.525  23.615  23.985  23.405  6.808692e+08   28750900
2023-02-08  23.650  23.115  23.810  22.970  5.746408e+08   24637600
2023-02-09  23.120  23.095  23.360  22.895  4.448384e+08   19230900
2023-02-10  23.060  23.105  23.295  22.905  3.091152e+08   13378900
2023-02-13  23.170  23.135  23.290  23.090  1.809387e+08    7803100
2023-02-14  23.065  22.640  23.160  22.470  4.383165e+08   19259900
2023-02-15  22.550  21.665  22.570  21.200  6.308060e+08   28805000
2023-02-16  21.880  21.550  22.065  21.210  4.636624e+08   21450100
2023-02-17  21.475  21.600  21.890  21.400  4.037585e+08   18648000
2023-02-20  21.650  22.190  22.450  21.380  5.486355e+08   24871300
2023-02-21  22.165  22.380  22.545  22.100  4.967544e+08   22249600
2023-02-22  22.380  22.270  22.700  22.120  3.752267e+08   16726100
2023-02-24  22.270  22.095  22.425  22.080  1.971860e+08    8865200
2023-02-27  22.080  22.480  22.540  21.980  2.762879e+08   12350500
2023-02-28  22.490  22.730  22.930  22.490  5.390996e+08   23677300
2023-03-01  22.820  22.900  22.965  22.770  2.823851e+08   12349800
2023-03-02  22.885  22.330  22.935  22.200  6.024928e+08   26813500
2023-03-03  22.275  22.525  22.690  22.275  2.843119e+08   12615500
2023-03-06  22.640  22.730  22.815  22.530  3.919399e+08   17265100
2023-03-07  22.830  22.620  22.885  22.585  2.946537e+08   12982000
2023-03-09  22.625  22.500  22.695  22.430  2.043521e+08    9071000
2023-03-10  22.345  22.300  22.400  22.220  2.614161e+08   11703400
2023-03-13  22.310  22.220  22.470  22.040  4.273845e+08   19188600
2023-03-14  22.100  22.280  22.430  22.100  2.200281e+08    9869300
2023-03-15  22.375  22.075  22.425  21.910  3.698385e+08   16705300
2023-03-16  22.105  22.215  22.475  22.000  5.540806e+08   24944700
2023-03-17  22.450  22.500  22.600  22.225  5.201350e+08   23176900
2023-03-20  22.570  23.275  23.425  22.500  1.207034e+09   52449900
2023-03-21  23.300  23.005  23.700  22.705  9.864599e+08   42468900
2023-03-22  23.090  22.965  23.180  22.850  2.693735e+08   11711500
2023-03-23  23.030  23.080  23.235  22.900  3.835490e+08   16606100
2023-03-24  23.000  23.060  23.175  23.000  2.031260e+08    8802300
2023-03-27  23.390  23.760  24.095  23.100  1.593049e+09   67044600
2023-03-28  23.905  23.645  23.960  23.400  5.206462e+08   22070300
2023-03-29  23.715  23.775  23.865  23.460  5.175542e+08   21864800
2023-03-30  23.840  23.880  23.945  23.465  6.768298e+08   28478800
2023-03-31  23.945  23.520  23.970  23.260  5.821726e+08   24755800
2023-04-03  23.870  24.055  24.285  23.670  1.009545e+09   42097600
2023-04-04  24.155  24.840  25.575  24.065  2.713527e+09  109495900
2023-04-05  24.900  25.055  25.275  24.115  1.243853e+09   50333100
2023-04-06  25.135  24.990  25.515  24.645  1.066886e+09   42422800
2023-04-07  25.010  24.965  25.425  24.715  6.719473e+08   26824000
2023-04-10  25.100  25.185  25.360  24.870  5.650398e+08   22492700
2023-04-11  25.440  24.680  25.795  24.600  1.421333e+09   56414800
2023-04-12  24.785  24.800  24.970  24.420  6.060078e+08   24540200
2023-04-13  24.820  24.730  24.950  24.320  4.900258e+08   19921200
2023-04-14  24.670  24.635  24.790  24.490  2.561358e+08   10406000
2023-04-17  24.750  25.130  25.190  24.505  7.377266e+08   29621600
2023-04-18  25.165  25.125  25.430  24.895  6.364304e+08   25346100
2023-04-19  25.100  24.935  25.185  24.730  5.138524e+08   20593100
2023-04-20  24.900  25.270  25.345  24.515  1.473579e+09   58946400
2023-04-21  25.300  26.325  26.345  25.185  2.382321e+09   91650500
2023-04-24  26.330  26.015  26.695  25.620  1.698112e+09   65127500
2023-04-25  26.030  25.530  26.255  25.425  9.340388e+08   36276700
2023-04-26  25.440  25.165  25.595  24.830  6.937397e+08   27428200
2023-04-27  25.190  25.510  25.600  25.050  5.336006e+08   21030200
2023-04-28  25.560  25.085  25.600  24.910  3.628654e+08   14395100
2023-05-02  25.085  24.570  25.265  24.345  4.816911e+08   19476200
2023-05-03  24.500  23.510  24.555  23.410  1.012229e+09   42327000
2023-05-04  23.520  23.555  23.820  23.280  5.317032e+08   22619800
2023-05-05  23.600  23.300  23.725  23.250  2.900650e+08   12352600
2023-05-08  23.305  23.200  23.435  23.140  1.601999e+08    6893900
2023-05-10  23.225  23.800  23.830  23.205  4.442812e+08   18848700
2023-05-11  23.850  23.795  24.345  23.400  8.110578e+08   33761600
2023-05-12  23.940  23.935  24.035  23.600  3.484786e+08   14592900
2023-05-15  24.100  25.265  25.330  24.005  1.525427e+09   61462100
2023-05-16  25.360  25.095  25.485  24.765  5.890679e+08   23500900
2023-05-17  25.120  25.030  25.185  24.655  6.117633e+08   24593000
2023-05-18  25.120  24.305  25.695  23.630  2.791698e+09  113678500
2023-05-19  24.200  24.330  24.670  24.020  7.196919e+08   29537200
2023-05-22  24.500  24.050  24.525  23.920  4.096484e+08   16956100
2023-05-23  24.100  24.350  24.485  23.850  4.237509e+08   17543600
2023-05-24  24.455  24.240  24.455  24.140  3.028553e+08   12472900
2023-05-25  24.310  24.155  24.375  24.005  3.039470e+08   12559600
2023-05-26  24.160  24.340  24.500  24.060  3.111754e+08   12818000
2023-05-29  24.490  24.785  24.820  24.310  4.560508e+08   18538300
2023-05-30  24.510  24.195  24.795  24.100  4.314217e+08   17629100
2023-05-31  24.150  24.425  24.505  24.055  2.677914e+08   10998300
2023-06-01  24.485  24.700  24.855  24.295  4.711330e+08   19141100
2023-06-02  24.700  25.200  25.285  24.665  5.057198e+08   20210500
2023-06-05  25.240  24.915  25.445  24.735  5.367366e+08   21347200
2023-06-06  24.885  25.150  25.240  24.750  4.378821e+08   17481100
2023-06-07  25.180  25.140  25.290  25.000  2.388698e+08    9512400
2023-06-08  25.135  25.455  25.475  25.050  4.937627e+08   19483000
2023-06-09  25.880  25.495  26.100  25.455  1.048739e+09   40792500
2023-06-13  25.550  25.995  26.065  25.550  5.351344e+08   20768400
2023-06-14  26.100  25.905  26.360  25.755  7.752863e+08   29769100
2023-06-15  25.895  26.760  26.900  25.820  1.658340e+09   62675600
2023-06-16  26.815  26.655  26.870  26.465  4.960379e+08   18647500
2023-06-19  26.670  27.250  27.400  26.470  1.070006e+09   39501100
2023-06-20  27.260  27.390  27.650  27.120  1.047474e+09   38216900
2023-06-21  27.425  27.330  27.460  27.185  4.308689e+08   15770700
2023-06-22  27.320  27.000  27.440  26.740  6.889996e+08   25318400
2023-06-23  26.990  25.955  27.080  25.570  1.087842e+09   41295500
2023-06-26  26.395  26.520  26.985  25.930  1.517334e+09   57348000
2023-06-27  26.550  27.250  27.550  26.290  1.203730e+09   44603600
2023-06-28  27.330  27.960  28.230  27.105  2.269628e+09   81450900
2023-06-29  28.025  28.550  28.690  27.905  1.556281e+09   54868600
2023-06-30  28.700  28.440  28.890  28.255  1.054840e+09   37009300
2023-07-03  28.440  27.945  28.510  27.730  6.636057e+08   23588200
2023-07-04  27.840  27.880  28.485  27.455  1.120389e+09   39974800
2023-07-05  27.925  28.280  28.360  27.880  5.542764e+08   19728100
2023-07-06  28.315  28.100  28.560  27.805  7.933512e+08   28098000
2023-07-07  28.140  28.125  28.200  27.915  2.416572e+08    8617100
2023-07-10  28.340  28.250  28.350  28.060  4.335930e+08   15368000
2023-07-11  28.225  28.355  28.380  28.100  4.140506e+08   14668000
2023-07-12  28.390  28.935  29.150  28.365  1.050907e+09   36525600
2023-07-13  29.005  28.790  29.470  28.555  9.613301e+08   33139800
2023-07-14  28.770  29.095  29.140  28.550  5.070672e+08   17520400
2023-07-17  28.570  29.000  29.165  28.510  8.350221e+08   28898500
2023-07-18  29.005  29.855  29.870  28.860  1.567069e+09   53121300
2023-07-19  29.185  29.210  29.490  29.105  9.108201e+08   31105200
2023-07-20  29.210  28.355  29.230  28.325  7.626742e+08   26527300
2023-07-21  28.355  28.920  28.950  28.305  4.787138e+08   16735500
2023-07-24  28.820  28.825  29.090  28.620  5.308226e+08   18389600
2023-07-25  28.825  28.980  29.300  28.580  8.652705e+08   29843100
2023-07-26  28.990  29.170  29.260  28.830  5.522514e+08   18981200
2023-07-27  29.300  29.335  29.495  29.080  7.119670e+08   24284900
2023-07-28  29.335  29.255  29.500  29.115  5.919804e+08   20191900
2023-07-31  29.370  29.785  29.800  29.370  7.487618e+08   25309200
2023-08-01  29.785  31.375  31.800  29.530  2.800165e+09   90601300
2023-08-02  31.270  31.490  32.050  31.070  1.482031e+09   46998300
2023-08-03  31.490  31.785  31.850  31.145  1.123305e+09   35633000
2023-08-04  31.875  31.050  32.900  30.500  3.181224e+09   99974300
2023-08-07  31.225  30.650  31.840  30.215  1.555087e+09   49945500
2023-08-08  30.520  30.755  30.800  29.555  1.263554e+09   41817700
2023-08-09  30.850  30.790  31.035  30.290  7.944794e+08   25883500
2023-08-10  30.900  31.430  31.555  30.635  9.428120e+08   30221400
2023-08-11  31.435  32.260  32.440  31.115  1.584438e+09   49647100
2023-08-14  32.500  31.180  33.140  31.000  2.730220e+09   84795500
2023-08-15  30.800  31.015  32.270  30.330  2.335406e+09   73933900
2023-08-16  31.050  30.200  31.425  29.905  1.383692e+09   45281000
2023-08-17  30.520  30.380  30.720  29.905  7.459210e+08   24651100
2023-08-18  30.360  30.595  30.660  30.020  7.373934e+08   24367400
2023-08-21  30.710  30.435  30.800  30.330  9.007016e+08   29490400
2023-08-22  30.530  30.750  30.840  30.330  7.159710e+08   23375900
2023-08-23  30.850  30.200  31.165  30.000  1.346476e+09   43969600
2023-08-24  30.305  30.595  30.710  30.135  4.170164e+08   13723700
2023-08-25  30.650  30.510  30.740  30.290  3.059419e+08   10021700
2023-08-28  30.600  30.920  31.035  30.500  6.215239e+08   20203400
2023-08-29  31.000  31.335  31.550  30.820  9.691933e+08   30924800
2023-08-30  31.430  31.375  31.635  31.100  6.687708e+08   21304400
2023-08-31  31.380  31.340  31.600  31.225  5.433864e+08   17288100
2023-09-01  31.400  31.410  31.470  31.130  3.358425e+08   10732800
2023-09-04  31.505  32.140  32.300  31.450  9.614413e+08   30227100
2023-09-05  32.160  32.300  32.790  31.810  1.370721e+09   42406000
2023-09-06  32.330  32.215  32.395  31.660  9.723590e+08   30392900
2023-09-07  32.215  31.285  32.670  31.205  1.511327e+09   47462300
2023-09-08  31.285  30.685  31.520  30.550  9.141789e+08   29713800
2023-09-11  30.680  30.125  30.775  30.010  6.570639e+08   21614300
2023-09-12  30.430  30.900  30.925  30.110  8.130289e+08   26697600
2023-09-13  30.900  30.425  30.920  30.320  5.295337e+08   17299600
2023-09-14  30.400  30.270  30.500  29.705  8.319285e+08   27634100
2023-09-15  30.270  30.570  30.790  30.045  5.460038e+08   17940100
2023-09-18  30.720  30.355  30.890  30.220  4.577198e+08   14988700
2023-09-19  30.355  29.425  30.435  29.300  8.245781e+08   27725700
2023-09-20  29.495  29.200  29.675  28.615  9.672644e+08   33077500
2023-09-21  29.200  28.455  29.375  28.370  7.403290e+08   25590200
2023-09-22  28.485  28.660  28.935  28.200  5.248442e+08   18271900
2023-09-25  28.690  28.920  29.280  28.410  4.635679e+08   16052800
2023-09-26  28.920  28.735  28.950  28.540  5.265105e+08   18320800
2023-09-27  28.820  29.065  29.250  28.780  4.721888e+08   16257300
2023-09-28  29.140  30.025  30.250  29.015  6.984147e+08   23516000
2023-09-29  30.050  31.530  31.895  29.860  2.516056e+09   80902800
2023-10-02  31.900  32.590  33.460  31.700  6.600514e+09  201663600
2023-10-03  32.525  33.370  33.700  32.050  4.767847e+09  144058200
2023-10-04  33.395  32.785  34.175  32.775  4.446825e+09  132227900
2023-10-05  32.860  33.725  34.050  32.670  3.930582e+09  117181800
2023-10-06  33.925  33.835  34.100  33.260  2.235662e+09   66457200
2023-10-09  34.095  33.385  34.545  33.180  2.216053e+09   65601100
2023-10-10  33.450  33.290  33.670  33.110  8.122703e+08   24335700
2023-10-11  33.300  31.880  33.420  31.630  1.778179e+09   54440100
2023-10-12  31.800  32.235  32.380  31.575  1.171758e+09   36480900
2023-10-13  32.240  32.480  32.750  32.135  8.623178e+08   26512000
2023-10-16  32.620  32.785  32.890  32.230  9.093658e+08   27933200
2023-10-17  32.780  32.950  33.100  32.625  6.855124e+08   20831900
2023-10-18  32.995  32.960  33.150  32.560  9.398460e+08   28521700
2023-10-19  33.060  32.895  33.060  32.660  5.302387e+08   16156200
2023-10-20  32.945  32.615  32.945  32.135  1.069670e+09   32982800
2023-10-23  32.515  32.275  32.685  32.195  4.787778e+08   14792700
2023-10-24  32.200  32.820  33.075  31.900  1.484664e+09   45578100
2023-10-25  32.720  33.240  34.170  32.400  2.760282e+09   82312200
2023-10-26  33.200  32.575  33.520  32.450  8.770183e+08   26535200
2023-10-27  32.360  32.785  32.975  31.875  1.037164e+09   31974400
2023-10-30  32.645  32.980  33.575  32.490  8.765334e+08   26413000
2023-10-31  32.970  32.675  33.300  32.300  8.224472e+08   25152400
2023-11-01  32.745  32.345  32.880  32.140  8.097244e+08   25001200
2023-11-02  32.415  31.870  32.540  31.725  8.773698e+08   27261500
2023-11-03  31.975  31.775  32.035  31.360  8.374513e+08   26414600
2023-11-06  31.855  32.430  32.445  31.775  5.166826e+08   16044500
2023-11-07  32.370  32.060  32.500  32.000  4.522477e+08   14006300
2023-11-08  32.100  32.570  32.930  31.995  1.024784e+09   31425900
2023-11-09  32.560  32.780  33.135  32.195  1.328056e+09   40639000
2023-11-10  32.885  32.610  32.885  32.495  4.654298e+08   14245800
2023-11-13  32.650  32.305  32.650  32.220  4.712029e+08   14541300
2023-11-14  32.260  31.580  32.335  31.510  6.387642e+08   19970100
2023-11-15  31.665  32.060  32.170  31.410  4.239956e+08   13318300
2023-11-16  32.060  31.175  32.070  31.000  8.647305e+08   27431200
2023-11-17  31.200  32.305  32.460  30.965  1.313211e+09   41186100
2023-11-20  32.320  32.040  32.490  31.935  5.885965e+08   18297100
2023-11-21  32.040  32.345  32.400  31.860  5.247480e+08   16308700
2023-11-22  32.350  32.200  32.740  31.900  6.105052e+08   18856600
2023-11-23  32.130  31.950  32.215  31.615  3.159071e+08    9889900
2023-11-24  31.995  32.060  32.225  31.910  4.818584e+08   15022100
2023-11-27  32.020  31.620  32.080  31.400  6.548577e+08   20615400
2023-11-28  31.730  32.000  32.000  31.480  5.385043e+08   16912100
2023-11-29  32.050  31.810  32.280  31.540  4.650089e+08   14612500
2023-11-30  31.700  31.570  31.935  31.515  4.101563e+08   12952300
2023-12-01  31.590  30.855  31.740  30.460  9.779135e+08   31460400
2023-12-04  30.850  29.910  30.880  29.840  9.737739e+08   32152200
2023-12-05  29.955  29.740  30.165  29.290  1.049004e+09   35240800
2023-12-06  29.835  28.055  29.920  27.145  1.875406e+09   65500100
2023-12-07  28.090  28.020  28.440  27.515  1.408583e+09   50499500
2023-12-08  28.115  27.900  28.550  27.865  6.057365e+08   21497900
2023-12-11  27.965  26.920  27.965  26.510  1.542230e+09   56898600
2023-12-12  27.000  26.925  27.520  26.795  9.821713e+08   36156300
2023-12-13  26.855  27.310  27.330  26.560  5.027085e+08   18576400
2023-12-14  27.330  26.860  27.490  26.790  5.106237e+08   18814400
2023-12-15  26.980  27.715  28.005  26.935  1.057738e+09   38455600
2023-12-18  27.835  28.280  28.635  27.530  1.865168e+09   66378100
2023-12-19  28.290  28.060  28.300  27.755  9.299241e+08   33208700
2023-12-20  28.145  28.225  28.755  27.915  1.638217e+09   57710900
2023-12-21  28.225  27.560  28.270  27.350  1.396272e+09   50316200
2023-12-22  27.605  27.540  27.915  27.505  7.877792e+08   28414200
2023-12-25  27.700  27.500  28.000  27.000  2.212413e+09   80567100
2023-12-26  27.500  27.350  27.615  27.200  6.489924e+08   23698000
2023-12-27  27.400  26.995  27.420  26.925  8.877719e+08   32746900
2023-12-28  26.855  26.755  26.980  26.625  9.760040e+08   36478400
2023-12-29  26.755  26.885  26.970  26.630  5.886470e+08   21931400