begin                                                         
2023-01-03  350.5  351.6  351.9  349.3  2.382114e+08    679364
2023-01-04  352.4  350.8  352.4  348.9  2.080789e+08    593894
2023-01-05  350.6  349.4  350.6  349.0  1.463567e+08    418339
2023-01-06  349.2  350.6  350.6  348.6  2.486464e+08    711502
2023-01-09  345.7  346.7  347.3  345.3  2.989583e+08    863485
2023-01-10  346.5  345.7  346.6  343.9  2.067035e+08    598314
2023-01-11  345.4  346.0  346.5  343.0  2.938778e+08    852057
2023-01-12  345.8  345.5  347.0  344.1  1.743004e+08    504552
2023-01-13  346.4  345.4  346.4  344.7  1.870935e+08    542076
2023-01-16  345.5  345.7  347.0  344.5  3.606082e+08   1044239
2023-01-17  345.5  341.8  346.8  340.1  2.987700e+08    869751
2023-01-18  341.6  339.0  343.0  338.3  3.208421e+08    942144
2023-01-19  338.2  335.2  339.4  333.3  4.687616e+08   1399724
2023-01-20  335.0  333.7  335.8  333.0  2.231479e+08    668512
2023-01-23  335.9  334.7  335.9  332.2  2.300137e+08    689269
2023-01-24  334.7  333.7  335.7  333.2  2.174412e+08    650178
2023-01-25  333.1  334.4  334.7  331.5  2.228475e+08    669752
2023-01-26  334.4  333.3  335.4  332.2  2.001570e+08    600671
2023-01-27  333.6  333.0  333.6  330.3  2.903358e+08    874361
2023-01-30  334.2  332.7  335.0  330.8  5.429214e+08   1634507
2023-01-31  332.4  328.8  332.8  326.7  8.816825e+08   2677243
2023-02-01  328.6  328.5  330.2  327.2  3.923338e+08   1193472
2023-02-02  328.2  326.6  329.1  326.1  4.225723e+08   1291824
2023-02-03  326.4  323.9  326.5  321.7  7.234945e+08   2234970
2023-02-06  324.0  325.5  325.9  323.1  5.776525e+08   1780677
2023-02-07  325.5  323.8  326.6  321.9  9.270714e+08   2863932
2023-02-08  323.7  324.2  324.2  322.1  8.368598e+08   2590055
2023-02-09  325.5  324.4  328.7  323.5  8.172941e+08   2511631
2023-02-10  324.2  323.5  324.8  322.5  5.121730e+08   1583638
2023-02-13  324.4  325.3  327.9  323.0  1.202438e+09   3693043
2023-02-14  325.4  326.4  327.5  323.2  5.834713e+08   1792657
2023-02-15  325.0  313.8  325.1  310.0  1.378052e+09   4348822
2023-02-16  315.6  315.6  320.0  312.1  6.408896e+08   2027486
2023-02-17  314.8  316.6  319.3  314.3  5.064298e+08   1597149
2023-02-20  317.0  314.1  317.2  311.0  6.850856e+08   2184816
2023-02-21  314.1  315.8  318.8  313.4  1.011748e+09   3207803
2023-02-22  315.8  313.4  315.9  312.2  5.654687e+08   1804296
2023-02-24  313.5  312.6  314.6  312.0  4.259996e+08   1360611
2023-02-27  311.8  316.1  318.0  310.0  6.182797e+08   1970316
2023-02-28  315.0  328.3  330.7  314.9  2.366815e+09   7328480
2023-03-01  328.0  334.8  335.5  325.1  2.695360e+09   8143643
2023-03-02  334.8  330.2  337.8  328.0  1.921175e+09   5772978
2023-03-03  331.0  334.9  335.2  330.0  9.581802e+08   2876291
2023-03-06  336.0  337.6  340.0  335.5  1.382861e+09   4095437
2023-03-07  338.0  336.0  338.4  334.9  8.470432e+08   2518189
2023-03-09  336.8  335.2  337.3  333.5  6.949923e+08   2073051
2023-03-10  333.9  333.3  335.2  331.3  5.808935e+08   1742767
2023-03-13  334.2  334.7  335.7  328.2  9.540678e+08   2866504
2023-03-14  332.8  339.0  341.3  332.6  1.035812e+09   3060551
2023-03-15  339.9  337.6  343.0  335.5  8.379127e+08   2471408
2023-03-16  337.0  336.3  339.8  333.7  8.036553e+08   2389585
2023-03-17  335.2  347.8  348.9  334.5  2.065976e+09   6040440
2023-03-20  349.0  355.0  357.5  345.3  2.139629e+09   6099777
2023-03-21  355.0  350.8  356.5  350.2  1.223845e+09   3468341
2023-03-22  350.8  350.4  351.8  348.2  7.668577e+08   2192913
2023-03-23  349.9  344.6  350.5  343.1  1.332230e+09   3852270
2023-03-24  344.0  349.3  349.5  343.6  5.375745e+08   1548258
2023-03-27  351.0  363.4  363.9  350.5  1.817388e+09   5055080
2023-03-28  364.4  367.1  368.5  357.5  1.269965e+09   3491680
2023-03-29  368.6  367.8  369.5  365.0  9.167685e+08   2494538
2023-03-30  366.8  375.2  379.4  365.3  1.286115e+09   3430112
2023-03-31  375.0  373.7  377.9  366.8  1.208620e+09   3254177
2023-04-03  383.0  386.8  389.0  378.5  1.546222e+09   4024047
2023-04-04  387.0  382.7  389.0  381.6  9.875781e+08   2560969
2023-04-05  381.4  387.3  388.0  376.2  8.639597e+08   2253400
2023-04-06  388.0  389.5  391.5  386.1  8.514217e+08   2183172
2023-04-07  390.5  396.2  396.9  389.5  1.044817e+09   2659856
2023-04-10  400.0  402.8  405.0  398.1  9.567758e+08   2382431
2023-04-11  402.8  393.8  403.4  391.6  1.129657e+09   2842739
2023-04-12  395.1  395.4  397.9  387.1  8.507426e+08   2162932
2023-04-13  395.5  394.5  397.5  392.3  3.834350e+08    972054
2023-04-14  394.5  394.4  396.0  391.0  4.790869e+08   1217671
2023-04-17  396.1  399.3  400.0  394.2  9.439737e+08   2375768
2023-04-18  400.0  400.2  402.3  396.0  7.330416e+08   1835048
2023-04-19  399.5  396.4  400.3  393.1  8.280886e+08   2082020
2023-04-20  396.0  407.3  413.0  388.1  2.041062e+09   5080691
2023-04-21  407.4  406.3  409.7  404.8  5.382139e+08   1323000
2023-04-24  406.3  411.7  415.7  405.8  1.223312e+09   2972708
2023-04-25  413.3  408.8  413.3  406.8  5.931988e+08   1449465
2023-04-26  409.3  407.4  410.8  406.3  7.125973e+08   1747333
2023-04-27  408.1  411.8  418.6  407.9  2.439792e+09   5894715
2023-04-28  412.8  404.0  413.7  401.0  1.170740e+09   2885028
2023-05-02  405.5  397.1  406.8  394.5  1.071463e+09   2666735
2023-05-03  395.3  381.8  396.3  380.0  1.384246e+09   3563036
2023-05-04  381.9  388.0  391.5  381.8  7.760301e+08   2008322
2023-05-05  388.5  383.0  388.6  379.5  8.380598e+08   2184735
2023-05-08  384.2  391.9  396.6  383.6  6.706185e+08   1718089
2023-05-10  392.4  402.4  403.0  392.4  1.198355e+09   2993665
2023-05-11  402.8  398.7  406.9  390.7  1.133096e+09   2823419
2023-05-12  400.1  400.7  403.4  395.6  5.925682e+08   1481303
2023-05-15  403.4  406.0  406.3  401.5  9.838797e+08   2437480
2023-05-16  407.5  406.8  410.0  404.4  7.546128e+08   1852967
2023-05-17  407.0  405.4  408.4  404.0  6.098150e+08   1506178
2023-05-18  406.4  411.7  412.8  404.4  7.915657e+08   1941180
2023-05-19  412.0  410.3  412.0  407.0  5.307937e+08   1294005
2023-05-22  412.2  416.5  417.7  409.9  9.097876e+08   2194441
2023-05-23  416.6  427.3  428.7  413.6  1.121595e+09   2668215
2023-05-24  429.0  429.4  431.0  426.0  8.666839e+08   2021397
2023-05-25  429.8  426.4  429.8  422.5  6.216749e+08   1458393
2023-05-26  427.0  429.5  432.0  424.4  7.108396e+08   1659246
2023-05-29  434.2  441.7  443.0  429.5  1.188258e+09   2705187
2023-05-30  440.0  438.9  448.4  435.6  1.930861e+09   4350650
2023-05-31  438.0  443.2  444.5  436.3  6.626183e+08   1498791
2023-06-01  445.0  450.3  452.0  443.9  1.024048e+09   2278095
2023-06-02  450.3  463.7  463.9  450.3  1.085677e+09   2368411
2023-06-05  471.6  475.0  486.0  468.7  3.188802e+09   6654614
2023-06-06  474.9  473.0  478.7  462.7  1.778879e+09   3778339
2023-06-07  474.9  470.7  474.9  465.2  8.012886e+08   1703638
2023-06-08  470.9  470.9  475.8  466.3  8.162630e+08   1729716
2023-06-09  471.1  472.4  474.0  468.8  7.417271e+08   1573344
2023-06-13  473.8  481.0  481.9  473.2  9.596774e+08   2002941
2023-06-14  482.5  488.1  488.5  481.1  1.410010e+09   2902777
2023-06-15  489.0  515.0  515.6  488.2  3.873050e+09   7690819
2023-06-16  516.2  511.7  521.0  505.7  2.713714e+09   5291769
2023-06-19  507.8  503.6  509.7  499.0  2.316747e+09   4598442
2023-06-20  504.0  503.6  506.8  494.0  1.379955e+09   2751689
2023-06-21  505.3  503.3  505.3  500.6  7.709808e+08   1533227
2023-06-22  503.3  504.3  511.4  501.0  9.077033e+08   1796068
2023-06-23  504.0  494.6  508.5  486.6  1.379369e+09   2755601
2023-06-26  499.4  498.5  505.0  490.0  1.379907e+09   2764018
2023-06-27  498.5  497.9  501.7  495.1  9.263978e+08   1859617
2023-06-28  499.5  500.0  502.0  498.1  7.434697e+08   1486356
2023-06-29  500.0  507.7  509.5  499.0  1.173706e+09   2330421
2023-06-30  508.0  505.7  509.8  502.1  1.152755e+09   2277577
2023-07-03  505.9  500.1  507.8  499.2  9.024693e+08   1795890
2023-07-04  500.0  493.4  500.7  491.8  1.181915e+09   2388874
2023-07-05  494.9  501.7  502.6  494.4  1.134446e+09   2268679
2023-07-06  501.8  499.2  502.7  498.7  8.599255e+08   1717965
2023-07-07  497.4  501.0  502.0  496.1  1.811801e+09   3628693
2023-07-10  476.7  487.9  489.2  475.2  2.622693e+09   5414257
2023-07-11  487.9  490.7  492.3  486.2  8.514017e+08   1736885
2023-07-12  492.4  495.6  497.8  488.7  9.144428e+08   1853444
2023-07-13  495.9  494.7  499.6  493.5  8.829798e+08   1779157
2023-07-14  493.5  496.0  497.0  492.0  6.258354e+08   1263483
2023-07-17  493.8  496.4  499.3  493.1  1.003064e+09   2019016
2023-07-18  496.8  497.7  498.6  495.6  6.132536e+08   1232770
2023-07-19  497.7  496.5  498.5  495.3  4.928913e+08    991728
2023-07-20  497.0  488.6  497.0  487.1  9.532955e+08   1939560
2023-07-21  489.0  494.7  495.2  488.0  8.373995e+08   1700756
2023-07-24  494.9  498.1  498.8  493.3  5.659412e+08   1139974
2023-07-25  499.3  509.3  512.2  498.3  1.824691e+09   3604997
2023-07-26  509.3  506.4  513.5  502.5  1.115164e+09   2195453
2023-07-27  508.0  509.4  512.6  506.1  1.019961e+09   2000050
2023-07-28  509.5  516.5  519.8  506.9  1.309175e+09   2541419
2023-07-31  519.4  523.5  525.5  516.3  1.777259e+09   3406937
2023-08-01  525.4  526.5  531.6  518.7  1.504353e+09   2867665
2023-08-02  526.7  537.5  540.1  521.9  2.016621e+09   3780097
2023-08-03  540.0  547.7  549.3  531.6  1.627716e+09   3005198
2023-08-04  547.9  541.9  572.0  527.0  4.378562e+09   7913951
2023-08-07  545.9  548.7  565.6  542.3  3.274491e+09   5901093
2023-08-08  549.1  555.5  557.2  542.0  2.014328e+09   3663417
2023-08-09  557.0  569.5  569.8  552.5  1.739593e+09   3095018
2023-08-10  572.0  574.9  579.5  571.0  2.253058e+09   3914660
2023-08-11  575.9  577.4  579.0  567.7  1.563346e+09   2714076
2023-08-14  588.5  576.3  598.2  556.9  5.856636e+09   9988872
2023-08-15  575.9  574.0  590.0  564.6  2.903529e+09   4987977
2023-08-16  575.0  563.0  581.5  551.5  2.870465e+09   5083066
2023-08-17  565.5  568.2  570.0  558.7  1.520289e+09   2689798
2023-08-18  569.4  575.1  576.7  563.4  1.208604e+09   2120731
2023-08-21  578.8  584.6  587.3  577.6  1.775700e+09   3047815
2023-08-22  584.0  590.3  592.5  581.0  1.951419e+09   3329681
2023-08-23  591.9  575.9  593.9  571.4  2.282402e+09   3924255
2023-08-24  575.9  581.6  584.6  574.3  1.008215e+09   1739891
2023-08-25  583.0  587.7  587.8  578.0  1.167966e+09   2001204
2023-08-28  589.0  587.5  590.4  584.2  1.402798e+09   2388312
2023-08-29  588.7  586.5  589.9  584.4  1.565156e+09   2668213
2023-08-30  586.9  589.4  592.3  585.5  1.503769e+09   2553075
2023-08-31  592.3  590.2  595.5  587.1  1.552716e+09   2625840
2023-09-01  591.0  593.0  594.0  587.3  1.174960e+09   1988143
2023-09-04  595.0  602.5  603.5  594.6  1.625581e+09   2707574
2023-09-05  603.5  607.2  609.7  597.0  1.998226e+09   3304920
2023-09-06  607.2  608.8  612.5  602.8  1.507982e+09   2483791
2023-09-07  608.6  603.7  620.5  583.0  5.047270e+09   8282821
2023-09-08  603.7  595.5  606.5  589.7  1.913290e+09   3206494
2023-09-11  601.9  588.4  601.9  583.1  1.488718e+09   2517135
2023-09-12  588.8  606.6  606.8  587.1  1.551912e+09   2590288
2023-09-13  609.2  604.7  613.0  602.6  1.507083e+09   2476918
2023-09-14  606.4  602.5  608.0  593.0  1.568789e+09   2612746
2023-09-15  602.6  614.8  615.0  600.2  1.741857e+09   2858978
2023-09-18  619.1  626.2  628.1  616.4  2.610341e+09   4188351
2023-09-19  627.7  610.1  630.0  605.2  2.951313e+09   4765894
2023-09-20  610.5  611.8  620.7  601.8  2.459654e+09   4019455
2023-09-21  612.0  597.6  615.7  593.6  2.237800e+09   3698917
2023-09-22  597.0  610.8  611.0  588.1  1.913707e+09   3203975
2023-09-25  607.0  604.6  608.9  598.5  8.969927e+08   1484552
2023-09-26  604.6  603.4  607.4  595.2  1.087603e+09   1811021
2023-09-27  605.7  615.3  615.7  604.7  8.888823e+08   1453634
2023-09-28  616.5  619.4  623.1  613.6  1.645910e+09   2658020
2023-09-29  620.0  625.4  625.4  612.2  1.428308e+09   2296515
2023-10-02  628.0  639.3  639.7  625.9  2.288244e+09   3607910
2023-10-03  639.0  639.1  641.4  631.0  1.986082e+09   3121517
2023-10-04  640.0  634.2  643.1  633.7  1.399381e+09   2191054
2023-10-05  634.2  633.8  638.6  631.0  1.091219e+09   1717588
2023-10-06  635.0  638.0  641.4  630.4  1.506431e+09   2366967
2023-10-09  640.1  643.7  647.2  639.2  2.443634e+09   3802556
2023-10-10  645.0  649.5  650.0  642.1  2.763982e+09   4268282
2023-10-11  624.4  618.8  633.0  617.0  6.354968e+09  10141735
2023-10-12  616.8  617.6  622.6  608.5  3.374966e+09   5483178
2023-10-13  618.9  628.3  630.0  615.2  2.823857e+09   4545300
2023-10-16  635.0  628.9  637.5  625.1  3.062523e+09   4858384
2023-10-17  629.8  628.5  630.0  626.1  1.021004e+09   1625767
2023-10-18  630.0  632.3  637.9  623.2  2.975861e+09   4706982
2023-10-19  631.0  633.1  634.2  627.5  1.000817e+09   1588435
2023-10-20  633.9  630.4  633.9  625.5  1.237019e+09   1963852
2023-10-23  630.6  626.6  632.0  624.1  7.991714e+08   1272966
2023-10-24  626.6  625.5  627.8  620.0  7.328665e+08   1172661
2023-10-25  624.1  622.3  625.0  618.2  1.078129e+09   1735808
2023-10-26  622.7  613.6  626.4  613.0  1.171190e+09   1884277
2023-10-27  613.5  622.4  623.3  612.2  1.186909e+09   1920514
2023-10-30  622.4  621.2  624.9  617.3  8.002303e+08   1286075
2023-10-31  621.2  607.6  621.9  602.5  1.508631e+09   2472863
2023-11-01  609.3  606.3  613.7  595.0  1.346016e+09   2217294
2023-11-02  607.8  602.7  610.1  601.1  9.943078e+08   1645287
2023-11-03  603.1  601.7  604.8  596.0  1.091430e+09   1815852
2023-11-06  602.6  609.7  609.8  600.0  5.548219e+08    916178
2023-11-07  609.9  611.2  613.0  604.2  8.364132e+08   1372205
2023-11-08  611.2  614.5  620.0  608.2  1.220126e+09   1980782
2023-11-09  616.4  615.2  619.4  611.1  7.047258e+08   1143379
2023-11-10  617.2  620.0  620.5  614.1  6.927920e+08   1119874
2023-11-13  620.0  616.3  623.3  615.9  8.155897e+08   1316604
2023-11-14  616.4  610.7  618.7  605.1  1.561512e+09   2550430
2023-11-15  610.7  611.8  614.8  606.6  6.292364e+08   1030230
2023-11-16  611.8  602.1  613.0  600.4  7.293497e+08   1202289
2023-11-17  602.1  615.5  619.0  598.1  1.659149e+09   2713205
2023-11-20  616.6  615.4  618.7  611.5  8.516262e+08   1386230
2023-11-21  614.4  634.2  634.4  611.1  3.433758e+09   5473490
2023-11-22  636.0  640.8  643.4  633.1  2.668575e+09   4181006
2023-11-23  642.8  641.1  645.8  638.6  1.568825e+09   2441795
2023-11-24  643.2  648.0  649.4  641.4  1.450096e+09   2243521
2023-11-27  650.0  638.4  650.0  636.4  1.487778e+09   2311209
2023-11-28  638.3  641.2  643.7  632.3  9.452461e+08   1483320
2023-11-29  642.0  638.7  644.2  636.6  5.972108e+08    933050
2023-11-30  639.6  638.8  644.0  635.0  7.497418e+08   1171155
2023-12-01  638.8  632.5  641.0  625.6  8.954930e+08   1410037
2023-12-04  630.6  623.7  633.5  620.0  1.378266e+09   2200761
2023-12-05  625.0  635.2  637.2  622.4  6.633265e+08   1051024
2023-12-06  636.5  622.2  636.9  619.3  7.851636e+08   1251554
2023-12-07  622.0  626.2  636.5  619.1  1.432967e+09   2276282
2023-12-08  626.8  637.7  637.8  626.5  6.730268e+08   1062969
2023-12-11  638.8  625.0  638.9  622.9  9.092344e+08   1440506
2023-12-12  625.2  625.5  631.8  620.0  7.926236e+08   1267351
2023-12-13  621.0  628.7  630.3  621.0  3.680827e+08    586629
2023-12-14  630.0  617.0  631.2  615.2  6.054871e+08    971735
2023-12-15  616.7  635.3  636.5  616.2  1.112197e+09   1765080
2023-12-18  640.0  643.6  648.1  635.5  1.232440e+09   1913452
2023-12-19  643.7  653.4  654.0  640.5  1.569487e+09   2417609
2023-12-20  655.0  658.4  663.9  652.0  1.229320e+09   1865353
2023-12-21  660.1  658.5  662.0  648.7  1.332689e+09   2029304
2023-12-22  661.3  661.5  666.0  659.5  8.355938e+08   1261572
2023-12-25  660.1  676.0  677.8  657.6  1.711337e+09   2550144
2023-12-26  678.1  698.3  700.0  676.7  2.276768e+09   3310248
2023-12-27  699.9  717.7  720.0  697.5  3.397333e+09   4785761
2023-12-28  718.7  708.2  718.7  704.1  1.994120e+09   2806271
2023-12-29  708.0  710.0  711.9  698.8  1.369788e+09   1938116