<DATE> <TIME> <OPEN> <HIGH> <LOW> <CLOSE> <VOL>
240103 100000 2550.0000000 2588.0000000 2542.0000000 2579.0000000 94131
240103 103000 2579.0000000 2584.4000000 2571.8000000 2580.0000000 26483
240103 110000 2579.2000000 2583.8000000 2576.6000000 2581.4000000 24003
240103 113000 2581.0000000 2593.0000000 2580.8000000 2585.4000000 36772
240103 120000 2585.4000000 2585.6000000 2576.0000000 2577.2000000 34425
240103 123000 2578.0000000 2580.4000000 2576.0000000 2579.4000000 11368
240103 130000 2579.4000000 2583.4000000 2575.2000000 2579.0000000 15751
240103 133000 2578.8000000 2582.0000000 2576.2000000 2581.8000000 12433
240103 140000 2582.0000000 2584.2000000 2581.8000000 2583.0000000 7401
240103 143000 2583.2000000 2583.6000000 2578.0000000 2580.0000000 9372
240103 150000 2580.0000000 2580.0000000 2575.2000000 2579.0000000 10091
240103 153000 2579.0000000 2579.2000000 2569.0000000 2569.6000000 21724
240103 160000 2569.6000000 2576.6000000 2569.2000000 2574.4000000 9017
240103 163000 2574.8000000 2575.0000000 2570.2000000 2575.0000000 8170
240103 170000 2575.0000000 2578.0000000 2574.0000000 2576.6000000 7887
240103 173000 2576.0000000 2576.0000000 2572.0000000 2572.8000000 6015
240103 180000 2573.0000000 2577.0000000 2571.6000000 2575.4000000 6779
240103 183000 2576.0000000 2577.4000000 2570.4000000 2570.4000000 16589
240103 190000 2574.2000000 2575.0000000 2571.0000000 2574.6000000 6662
240103 193000 2574.6000000 2576.0000000 2573.2000000 2574.8000000 4022
240103 200000 2573.6000000 2576.0000000 2572.2000000 2575.8000000 5521
240103 203000 2575.8000000 2578.0000000 2574.2000000 2577.4000000 6830
240103 210000 2577.6000000 2584.0000000 2577.4000000 2582.0000000 15470
240103 213000 2582.0000000 2582.0000000 2577.4000000 2580.2000000 5507
240103 220000 2580.8000000 2580.8000000 2576.0000000 2579.0000000 3469
240103 223000 2577.6000000 2579.0000000 2574.4000000 2575.2000000 6642
240103 230000 2576.0000000 2579.0000000 2575.0000000 2579.0000000 6947
240103 233000 2579.0000000 2582.0000000 2578.8000000 2581.0000000 6398
240104 100000 2575.0000000 2580.4000000 2561.6000000 2569.2000000 59601
240104 103000 2569.4000000 2571.8000000 2561.2000000 2562.0000000 57675
240104 110000 2562.0000000 2569.8000000 2561.8000000 2569.6000000 24859
240104 113000 2569.6000000 2573.6000000 2569.6000000 2573.0000000 13673
240104 120000 2573.0000000 2578.6000000 2572.8000000 2574.6000000 12166
240104 123000 2574.8000000 2575.0000000 2569.2000000 2570.2000000 12394
240104 130000 2570.2000000 2570.8000000 2569.2000000 2570.0000000 7558
240104 133000 2570.0000000 2570.0000000 2562.4000000 2563.6000000 13498
240104 140000 2564.2000000 2575.0000000 2563.2000000 2569.2000000 12150
240104 143000 2569.6000000 2575.0000000 2569.2000000 2573.0000000 9233
240104 150000 2573.8000000 2574.8000000 2568.0000000 2569.2000000 5875
240104 153000 2569.2000000 2571.8000000 2568.2000000 2570.4000000 4341
240104 160000 2570.8000000 2572.6000000 2564.4000000 2567.2000000 10348
240104 163000 2567.0000000 2567.2000000 2561.2000000 2563.2000000 15780
240104 170000 2563.0000000 2565.0000000 2554.4000000 2561.2000000 46089
240104 173000 2560.2000000 2563.6000000 2555.0000000 2557.6000000 20002
240104 180000 2557.6000000 2560.0000000 2557.0000000 2560.0000000 12136
240104 183000 2560.0000000 2568.6000000 2559.0000000 2568.6000000 14018
240104 190000 2568.0000000 2568.0000000 2560.4000000 2563.0000000 8221
240104 193000 2563.0000000 2567.0000000 2562.2000000 2565.0000000 4646
240104 200000 2565.4000000 2568.0000000 2564.4000000 2566.2000000 3343
240104 203000 2566.2000000 2567.4000000 2563.0000000 2564.4000000 3783
240104 210000 2564.4000000 2566.6000000 2561.2000000 2566.4000000 7869
240104 213000 2566.6000000 2566.6000000 2562.4000000 2564.0000000 1654
240104 220000 2563.6000000 2564.0000000 2561.6000000 2563.4000000 1210
240104 223000 2563.4000000 2567.4000000 2563.4000000 2566.6000000 3001
240104 230000 2566.2000000 2567.4000000 2565.4000000 2566.0000000 2699
240104 233000 2566.4000000 2568.6000000 2565.4000000 2568.0000000 5339
240105 100000 2568.4000000 2586.6000000 2568.0000000 2581.4000000 45650
240105 103000 2582.2000000 2582.6000000 2570.8000000 2578.0000000 44930
240105 110000 2578.6000000 2579.0000000 2566.2000000 2574.0000000 34123
240105 113000 2574.0000000 2578.2000000 2572.0000000 2577.0000000 25538
240105 120000 2577.0000000 2577.6000000 2567.0000000 2569.8000000 20983
240105 123000 2570.6000000 2574.0000000 2569.6000000 2571.6000000 6715
240105 130000 2571.6000000 2574.6000000 2571.6000000 2572.8000000 3872
240105 133000 2573.0000000 2574.6000000 2568.0000000 2570.0000000 5428
240105 140000 2570.6000000 2571.0000000 2568.2000000 2569.2000000 3829
240105 143000 2569.2000000 2572.6000000 2569.0000000 2569.8000000 2235
240105 150000 2569.2000000 2572.0000000 2568.0000000 2569.4000000 4859
240105 153000 2569.0000000 2573.2000000 2569.0000000 2571.0000000 5487
240105 160000 2571.8000000 2572.2000000 2569.0000000 2570.0000000 2611
240105 163000 2570.0000000 2573.4000000 2570.0000000 2572.6000000 8463
240105 170000 2572.6000000 2574.4000000 2572.4000000 2572.8000000 3635
240105 173000 2573.2000000 2574.0000000 2572.6000000 2573.0000000 3331
240105 180000 2573.0000000 2573.0000000 2570.8000000 2571.0000000 7697
240105 183000 2572.0000000 2573.8000000 2570.8000000 2573.8000000 2689
240105 190000 2573.8000000 2574.8000000 2572.0000000 2572.0000000 2491
240105 193000 2573.0000000 2575.6000000 2572.2000000 2574.2000000 2879
240105 200000 2574.0000000 2574.0000000 2572.0000000 2573.8000000 2060
240105 203000 2573.8000000 2575.0000000 2573.0000000 2573.2000000 2244
240105 210000 2574.0000000 2574.6000000 2573.2000000 2574.0000000 862
240105 213000 2574.0000000 2574.6000000 2572.0000000 2574.6000000 2683
240105 220000 2574.6000000 2579.2000000 2573.4000000 2578.0000000 6954
240105 223000 2577.0000000 2578.4000000 2575.4000000 2576.2000000 2270
240105 230000 2576.8000000 2577.6000000 2576.4000000 2576.8000000 2594
240105 233000 2576.8000000 2578.0000000 2575.4000000 2576.8000000 7145
240108 100000 2580.2000000 2600.0000000 2579.2000000 2597.8000000 98882
240108 103000 2597.8000000 2605.0000000 2590.4000000 2604.2000000 60983
240108 110000 2604.2000000 2608.0000000 2600.8000000 2603.4000000 28171
240108 113000 2603.4000000 2604.0000000 2591.2000000 2593.2000000 32913
240108 120000 2593.4000000 2599.8000000 2591.2000000 2594.4000000 27489
240108 123000 2594.2000000 2595.0000000 2588.4000000 2593.6000000 19263
240108 130000 2593.4000000 2599.6000000 2593.2000000 2598.6000000 19754
240108 133000 2597.6000000 2599.6000000 2594.6000000 2599.6000000 18640
240108 140000 2599.6000000 2618.8000000 2599.0000000 2613.6000000 76859
240108 143000 2613.6000000 2617.4000000 2612.0000000 2612.8000000 24625
240108 150000 2613.0000000 2615.0000000 2611.2000000 2614.0000000 12018
240108 153000 2614.0000000 2614.8000000 2610.0000000 2611.0000000 17591
240108 160000 2611.0000000 2611.6000000 2602.0000000 2604.4000000 50579
240108 163000 2604.6000000 2615.2000000 2604.6000000 2615.2000000 13398
240108 170000 2615.2000000 2615.6000000 2602.2000000 2604.6000000 29655
240108 173000 2605.0000000 2608.8000000 2602.4000000 2602.6000000 12381
240108 180000 2602.6000000 2606.4000000 2598.0000000 2603.0000000 38088
240108 183000 2603.0000000 2605.0000000 2601.6000000 2605.0000000 18187
240108 190000 2604.8000000 2608.0000000 2598.8000000 2600.8000000 10967
240108 193000 2601.0000000 2606.6000000 2599.0000000 2603.6000000 6819
240108 200000 2603.6000000 2606.8000000 2601.0000000 2601.2000000 6882
240108 203000 2601.8000000 2604.0000000 2600.6000000 2602.2000000 4430
240108 210000 2602.0000000 2604.6000000 2601.8000000 2602.4000000 4350
240108 213000 2602.4000000 2604.0000000 2601.4000000 2604.0000000 7813
240108 220000 2604.0000000 2606.2000000 2602.0000000 2603.8000000 4663
240108 223000 2604.0000000 2606.4000000 2603.4000000 2606.0000000 6152
240108 230000 2606.2000000 2612.0000000 2606.2000000 2609.0000000 12237
240108 233000 2610.0000000 2612.2000000 2604.6000000 2611.0000000 8298
240109 100000 2621.2000000 2628.8000000 2600.2000000 2605.0000000 74797
240109 103000 2605.0000000 2611.2000000 2584.0000000 2601.0000000 90570
240109 110000 2601.0000000 2601.0000000 2590.0000000 2591.4000000 39422
240109 113000 2591.2000000 2600.0000000 2587.6000000 2593.8000000 36138
240109 120000 2594.4000000 2604.2000000 2592.2000000 2598.6000000 22541
240109 123000 2598.6000000 2602.0000000 2595.0000000 2595.6000000 22663
240109 130000 2595.6000000 2602.0000000 2595.0000000 2598.4000000 19324
240109 133000 2599.0000000 2599.6000000 2591.4000000 2595.0000000 19208
240109 140000 2595.0000000 2597.8000000 2586.0000000 2590.0000000 23742
240109 143000 2589.8000000 2592.6000000 2589.4000000 2591.2000000 12635
240109 150000 2591.4000000 2591.4000000 2585.8000000 2588.2000000 20835
240109 153000 2588.0000000 2592.2000000 2587.0000000 2591.8000000 15114
240109 160000 2591.4000000 2594.6000000 2589.8000000 2591.8000000 12553
240109 163000 2593.6000000 2593.6000000 2586.0000000 2589.4000000 19163
240109 170000 2589.6000000 2592.8000000 2589.0000000 2592.8000000 7116
240109 173000 2592.6000000 2597.4000000 2589.0000000 2595.4000000 15967
240109 180000 2595.4000000 2611.6000000 2592.2000000 2598.0000000 64257
240109 183000 2597.8000000 2611.0000000 2597.8000000 2611.0000000 19444
240109 190000 2605.2000000 2608.2000000 2602.4000000 2608.0000000 13929
240109 193000 2608.0000000 2614.4000000 2603.2000000 2606.8000000 14709
240109 200000 2606.8000000 2607.6000000 2604.0000000 2605.2000000 5415
240109 203000 2605.2000000 2606.8000000 2602.6000000 2605.2000000 4368
240109 210000 2605.2000000 2610.0000000 2602.4000000 2603.8000000 25313
240109 213000 2603.6000000 2608.0000000 2603.4000000 2605.4000000 8132
240109 220000 2605.2000000 2607.6000000 2605.2000000 2606.6000000 1849
240109 223000 2606.6000000 2609.0000000 2606.4000000 2608.4000000 2775
240109 230000 2608.4000000 2608.4000000 2605.0000000 2608.0000000 4974
240109 233000 2607.6000000 2609.2000000 2605.4000000 2607.0000000 3547
240110 100000 2606.8000000 2615.2000000 2603.0000000 2603.0000000 30965
240110 103000 2603.0000000 2609.4000000 2590.0000000 2592.8000000 66787
240110 110000 2592.8000000 2598.2000000 2589.6000000 2593.2000000 26119
240110 113000 2593.8000000 2602.2000000 2592.6000000 2597.2000000 21188
240110 120000 2596.2000000 2600.0000000 2590.2000000 2594.8000000 18623
240110 123000 2594.8000000 2597.0000000 2585.8000000 2590.0000000 33412
240110 130000 2590.0000000 2591.2000000 2573.4000000 2584.4000000 54828
240110 133000 2584.4000000 2588.4000000 2579.2000000 2587.2000000 22688
240110 140000 2587.6000000 2590.0000000 2580.4000000 2583.4000000 24212
240110 143000 2583.4000000 2590.6000000 2582.6000000 2589.6000000 19851
240110 150000 2589.8000000 2593.4000000 2586.8000000 2593.0000000 9705
240110 153000 2592.8000000 2593.4000000 2590.2000000 2593.2000000 13477
240110 160000 2593.0000000 2594.2000000 2591.4000000 2593.8000000 10745
240110 163000 2594.0000000 2600.0000000 2593.6000000 2597.0000000 26630
240110 170000 2597.0000000 2602.0000000 2593.0000000 2599.2000000 22812
240110 173000 2599.2000000 2609.6000000 2597.8000000 2603.0000000 37369
240110 180000 2602.8000000 2605.0000000 2593.2000000 2597.0000000 18852
240110 183000 2596.8000000 2599.6000000 2596.0000000 2599.6000000 7974
240110 190000 2600.0000000 2603.8000000 2594.0000000 2594.0000000 7398
240110 193000 2594.8000000 2598.4000000 2590.0000000 2593.0000000 8555
240110 200000 2593.0000000 2593.4000000 2590.0000000 2591.2000000 4513
240110 203000 2591.2000000 2593.0000000 2588.6000000 2589.6000000 8132
240110 210000 2589.6000000 2594.6000000 2588.6000000 2588.6000000 7691
240110 213000 2588.6000000 2591.0000000 2586.0000000 2588.8000000 7393
240110 220000 2588.8000000 2590.8000000 2586.4000000 2588.8000000 5656
240110 223000 2587.8000000 2590.2000000 2586.6000000 2590.2000000 3225
240110 230000 2590.2000000 2590.2000000 2587.0000000 2587.8000000 1802
240110 233000 2587.4000000 2588.0000000 2584.0000000 2586.4000000 5625
240111 100000 2586.8000000 2597.8000000 2583.6000000 2591.4000000 24323
240111 103000 2590.8000000 2595.0000000 2589.2000000 2594.4000000 17364
240111 110000 2594.4000000 2594.6000000 2586.0000000 2586.6000000 17050
240111 113000 2586.6000000 2594.8000000 2586.0000000 2593.8000000 23149
240111 120000 2593.8000000 2600.8000000 2592.4000000 2598.0000000 37436
240111 123000 2598.2000000 2605.0000000 2598.0000000 2602.2000000 20706
240111 130000 2601.2000000 2603.2000000 2597.0000000 2598.4000000 26198
240111 133000 2598.6000000 2604.4000000 2598.6000000 2603.2000000 28354
240111 140000 2603.2000000 2604.8000000 2600.0000000 2604.0000000 21356
240111 143000 2604.0000000 2604.2000000 2590.4000000 2597.6000000 41328
240111 150000 2597.6000000 2602.0000000 2597.4000000 2599.8000000 17914
240111 153000 2599.8000000 2600.0000000 2596.8000000 2598.2000000 9393
240111 160000 2598.2000000 2598.4000000 2588.4000000 2593.0000000 27572
240111 163000 2593.0000000 2594.0000000 2587.4000000 2590.2000000 12897
240111 170000 2591.0000000 2591.0000000 2586.8000000 2589.6000000 13543
240111 173000 2589.6000000 2602.0000000 2589.0000000 2600.8000000 28179
240111 180000 2600.8000000 2606.0000000 2600.2000000 2602.8000000 41082
240111 183000 2603.6000000 2614.6000000 2601.0000000 2614.6000000 42470
240111 190000 2609.4000000 2613.0000000 2604.2000000 2607.2000000 21111
240111 193000 2607.2000000 2610.6000000 2604.0000000 2604.6000000 16018
240111 200000 2604.6000000 2606.0000000 2598.6000000 2602.4000000 8586
240111 203000 2602.2000000 2605.0000000 2601.2000000 2603.0000000 5164
240111 210000 2603.4000000 2611.0000000 2601.2000000 2604.0000000 27706
240111 213000 2604.2000000 2605.0000000 2602.8000000 2604.0000000 2887
240111 220000 2604.0000000 2604.0000000 2603.0000000 2603.4000000 2515
240111 223000 2603.2000000 2607.0000000 2600.0000000 2606.4000000 10466
240111 230000 2606.4000000 2608.6000000 2604.2000000 2605.4000000 3664
240111 233000 2605.4000000 2608.0000000 2604.0000000 2605.0000000 2264
240112 100000 2610.8000000 2625.4000000 2606.0000000 2612.0000000 108722
240112 103000 2612.2000000 2616.0000000 2609.8000000 2614.8000000 20568
240112 110000 2614.8000000 2617.0000000 2613.0000000 2616.2000000 24760
240112 113000 2616.2000000 2634.8000000 2613.0000000 2631.0000000 68861
240112 120000 2631.0000000 2633.0000000 2626.4000000 2628.4000000 24792
240112 123000 2628.8000000 2632.4000000 2622.0000000 2625.0000000 32842
240112 130000 2625.0000000 2627.0000000 2617.4000000 2623.4000000 31377
240112 133000 2623.2000000 2627.0000000 2619.4000000 2620.2000000 22483
240112 140000 2620.2000000 2620.2000000 2613.2000000 2616.2000000 28250
240112 143000 2616.2000000 2622.8000000 2616.0000000 2620.6000000 15126
240112 150000 2620.6000000 2627.6000000 2618.4000000 2626.2000000 17329
240112 153000 2626.2000000 2627.4000000 2618.4000000 2627.0000000 23037
240112 160000 2627.0000000 2642.8000000 2626.8000000 2635.0000000 91688
240112 163000 2635.0000000 2638.4000000 2633.0000000 2637.4000000 22139
240112 170000 2637.2000000 2644.0000000 2634.4000000 2634.8000000 55992
240112 173000 2634.8000000 2639.2000000 2631.6000000 2638.4000000 19716
240112 180000 2638.2000000 2639.4000000 2632.0000000 2634.0000000 13663
240112 183000 2633.8000000 2634.0000000 2625.4000000 2625.4000000 23959
240112 190000 2626.0000000 2629.4000000 2621.0000000 2626.2000000 20251
240112 193000 2626.2000000 2629.0000000 2623.0000000 2626.6000000 11512
240112 200000 2625.8000000 2628.0000000 2624.6000000 2627.4000000 3577
240112 203000 2627.4000000 2627.8000000 2625.4000000 2627.4000000 3412
240112 210000 2627.4000000 2631.4000000 2625.2000000 2631.2000000 6184
240112 213000 2631.2000000 2633.0000000 2628.8000000 2632.4000000 12548
240112 220000 2632.8000000 2633.0000000 2629.0000000 2632.0000000 10061
240112 223000 2631.8000000 2633.8000000 2631.8000000 2633.6000000 7262
240112 230000 2633.4000000 2639.0000000 2631.6000000 2632.2000000 10177
240112 233000 2631.6000000 2632.2000000 2630.6000000 2631.0000000 5067
240115 100000 2645.0000000 2687.8000000 2642.2000000 2676.6000000 210519
240115 103000 2676.6000000 2681.0000000 2664.4000000 2677.0000000 119276
240115 110000 2677.0000000 2685.0000000 2668.6000000 2669.8000000 72568
240115 113000 2669.6000000 2679.4000000 2669.0000000 2676.6000000 22972
240115 120000 2676.4000000 2680.0000000 2670.0000000 2674.4000000 25224
240115 123000 2674.6000000 2684.8000000 2673.8000000 2678.0000000 32094
240115 130000 2677.6000000 2695.0000000 2675.8000000 2688.0000000 79243
240115 133000 2687.6000000 2687.8000000 2666.0000000 2671.2000000 91226
240115 140000 2671.0000000 2678.0000000 2668.0000000 2677.6000000 51582
240115 143000 2677.0000000 2681.2000000 2675.2000000 2679.8000000 17767
240115 150000 2679.8000000 2690.0000000 2678.0000000 2683.6000000 42338
240115 153000 2684.0000000 2689.8000000 2675.0000000 2676.2000000 24065
240115 160000 2676.2000000 2683.2000000 2671.4000000 2683.0000000 17120
240115 163000 2683.0000000 2683.0000000 2671.6000000 2676.0000000 16397
240115 170000 2676.0000000 2678.8000000 2675.0000000 2675.4000000 7891
240115 173000 2675.6000000 2682.4000000 2675.2000000 2678.2000000 15364
240115 180000 2679.4000000 2681.0000000 2676.4000000 2677.6000000 24422
240115 183000 2676.4000000 2677.0000000 2671.0000000 2671.0000000 28253
240115 190000 2671.0000000 2677.0000000 2670.0000000 2672.2000000 18373
240115 193000 2671.8000000 2676.8000000 2671.8000000 2674.4000000 3907
240115 200000 2675.2000000 2675.8000000 2671.8000000 2675.2000000 10612
240115 203000 2675.4000000 2679.0000000 2674.8000000 2678.4000000 4003
240115 210000 2678.2000000 2684.0000000 2676.4000000 2682.0000000 8596
240115 213000 2682.0000000 2683.0000000 2677.2000000 2678.8000000 6097
240115 220000 2678.0000000 2685.0000000 2677.8000000 2681.8000000 14165
240115 223000 2682.8000000 2683.0000000 2677.0000000 2679.6000000 7247
240115 230000 2679.2000000 2686.0000000 2677.6000000 2685.8000000 13307
240115 233000 2685.2000000 2691.0000000 2685.0000000 2690.2000000 17417
240116 100000 2698.6000000 2698.8000000 2651.2000000 2676.0000000 180839
240116 103000 2675.2000000 2683.8000000 2660.0000000 2677.0000000 83746
240116 110000 2677.2000000 2677.8000000 2666.8000000 2672.4000000 30187
240116 113000 2672.4000000 2675.0000000 2665.0000000 2666.2000000 23436
240116 120000 2667.2000000 2673.2000000 2667.0000000 2672.4000000 11483
240116 123000 2672.0000000 2679.0000000 2671.8000000 2674.4000000 14903
240116 130000 2674.2000000 2675.4000000 2667.4000000 2669.8000000 27827
240116 133000 2670.8000000 2676.6000000 2670.8000000 2675.8000000 13184
240116 140000 2675.4000000 2678.6000000 2675.0000000 2677.4000000 15678
240116 143000 2677.2000000 2682.6000000 2672.0000000 2681.2000000 24856
240116 150000 2680.2000000 2681.0000000 2630.6000000 2648.2000000 244982
240116 153000 2648.6000000 2649.4000000 2637.4000000 2648.8000000 36757
240116 160000 2648.8000000 2654.0000000 2639.4000000 2654.0000000 42970
240116 163000 2653.8000000 2656.0000000 2645.8000000 2646.0000000 23338
240116 170000 2646.0000000 2648.0000000 2636.8000000 2638.4000000 33858
240116 173000 2638.0000000 2648.0000000 2637.8000000 2640.0000000 33921
240116 180000 2640.0000000 2646.8000000 2632.0000000 2646.8000000 32196
240116 183000 2646.8000000 2649.8000000 2645.0000000 2649.8000000 14610
240116 190000 2650.6000000 2650.6000000 2642.4000000 2644.6000000 11546
240116 193000 2644.6000000 2649.2000000 2644.0000000 2647.0000000 6013
240116 200000 2648.0000000 2648.8000000 2644.4000000 2648.8000000 3547
240116 203000 2648.8000000 2649.0000000 2644.0000000 2644.8000000 5882
240116 210000 2645.0000000 2645.2000000 2642.6000000 2643.4000000 5161
240116 213000 2643.2000000 2643.4000000 2642.4000000 2643.2000000 3055
240116 220000 2642.8000000 2643.6000000 2642.4000000 2643.6000000 2380
240116 223000 2643.4000000 2649.0000000 2643.0000000 2648.0000000 5099
240116 230000 2648.4000000 2654.2000000 2648.4000000 2650.2000000 13443
240116 233000 2650.2000000 2653.0000000 2647.2000000 2647.2000000 5572
240117 100000 2643.0000000 2674.8000000 2635.2000000 2674.0000000 114920
240117 103000 2674.0000000 2674.8000000 2660.0000000 2665.4000000 39708
240117 110000 2665.4000000 2666.2000000 2653.0000000 2660.0000000 39824
240117 113000 2660.6000000 2660.8000000 2645.2000000 2651.6000000 23869
240117 120000 2650.4000000 2655.2000000 2648.4000000 2654.8000000 11585
240117 123000 2655.0000000 2657.2000000 2650.2000000 2654.6000000 13132
240117 130000 2654.2000000 2659.0000000 2648.0000000 2649.4000000 21705
240117 133000 2649.8000000 2651.8000000 2640.4000000 2643.0000000 29474
240117 140000 2643.2000000 2652.0000000 2642.0000000 2646.4000000 15926
240117 143000 2648.0000000 2654.0000000 2645.8000000 2651.0000000 10723
240117 150000 2651.0000000 2651.6000000 2648.0000000 2648.4000000 6254
240117 153000 2648.2000000 2651.6000000 2648.0000000 2650.6000000 13616
240117 160000 2651.0000000 2653.8000000 2649.2000000 2651.8000000 27128
240117 163000 2651.8000000 2652.0000000 2643.6000000 2645.0000000 13464
240117 170000 2645.4000000 2650.0000000 2640.6000000 2645.8000000 19000
240117 173000 2646.4000000 2656.0000000 2646.0000000 2654.8000000 17443
240117 180000 2654.8000000 2655.4000000 2649.6000000 2653.4000000 8878
240117 183000 2653.4000000 2653.4000000 2640.8000000 2640.8000000 20826
240117 190000 2644.2000000 2649.8000000 2644.2000000 2649.8000000 10399
240117 193000 2649.8000000 2650.8000000 2645.2000000 2647.0000000 3950
240117 200000 2647.2000000 2648.6000000 2646.0000000 2646.4000000 6609
240117 203000 2646.6000000 2649.8000000 2646.6000000 2649.0000000 2181
240117 210000 2648.4000000 2650.8000000 2648.2000000 2649.4000000 2082
240117 213000 2648.8000000 2650.8000000 2648.2000000 2649.8000000 3182
240117 220000 2650.4000000 2650.4000000 2648.0000000 2650.0000000 5090
240117 223000 2650.0000000 2650.0000000 2648.0000000 2648.8000000 3093
240117 230000 2649.0000000 2652.0000000 2648.0000000 2652.0000000 5387
240117 233000 2652.0000000 2652.4000000 2651.0000000 2652.4000000 2617
240118 100000 2654.4000000 2660.0000000 2643.2000000 2652.0000000 31089
240118 103000 2651.8000000 2653.0000000 2644.0000000 2645.4000000 18180
240118 110000 2644.6000000 2648.8000000 2642.0000000 2644.6000000 11362
240118 113000 2644.6000000 2646.8000000 2633.4000000 2636.4000000 41867
240118 120000 2636.6000000 2641.8000000 2632.2000000 2636.4000000 19430
240118 123000 2636.4000000 2637.0000000 2603.4000000 2619.2000000 119318
240118 130000 2619.2000000 2622.6000000 2613.0000000 2621.8000000 39462
240118 133000 2621.8000000 2626.8000000 2618.6000000 2625.2000000 28727
240118 140000 2625.2000000 2626.8000000 2618.2000000 2618.8000000 18245
240118 143000 2619.4000000 2619.4000000 2606.4000000 2615.2000000 67689
240118 150000 2614.8000000 2615.6000000 2606.0000000 2608.6000000 61815
240118 153000 2608.2000000 2614.2000000 2606.0000000 2613.0000000 49778
240118 160000 2613.8000000 2613.8000000 2606.0000000 2606.0000000 37872
240118 163000 2606.0000000 2610.4000000 2594.4000000 2598.8000000 88840
240118 170000 2598.6000000 2608.0000000 2597.0000000 2608.0000000 43234
240118 173000 2608.0000000 2611.2000000 2607.0000000 2609.4000000 14358
240118 180000 2609.6000000 2615.0000000 2609.2000000 2614.2000000 22895
240118 183000 2614.2000000 2626.0000000 2614.0000000 2626.0000000 34364
240118 190000 2625.0000000 2625.0000000 2611.0000000 2616.6000000 10801
240118 193000 2616.4000000 2618.8000000 2613.4000000 2617.0000000 6542
240118 200000 2617.0000000 2618.4000000 2616.0000000 2616.0000000 4176
240118 203000 2616.2000000 2617.2000000 2614.6000000 2615.8000000 3860
240118 210000 2616.0000000 2616.0000000 2610.8000000 2612.8000000 5248
240118 213000 2612.8000000 2612.8000000 2605.4000000 2607.0000000 4768
240118 220000 2607.2000000 2609.8000000 2605.4000000 2608.4000000 3806
240118 223000 2608.4000000 2610.6000000 2597.8000000 2598.6000000 20309
240118 230000 2598.6000000 2602.2000000 2597.0000000 2597.0000000 7020
240118 233000 2597.0000000 2598.8000000 2590.8000000 2595.8000000 12678
240119 100000 2606.0000000 2606.0000000 2562.4000000 2567.6000000 175826
240119 103000 2567.6000000 2584.8000000 2555.4000000 2582.0000000 157131
240119 110000 2581.8000000 2596.0000000 2580.0000000 2589.0000000 55166
240119 113000 2588.8000000 2592.2000000 2576.8000000 2577.2000000 30745
240119 120000 2577.2000000 2588.8000000 2571.0000000 2587.8000000 28183
240119 123000 2587.4000000 2588.0000000 2580.2000000 2586.0000000 10972
240119 130000 2586.0000000 2587.6000000 2580.0000000 2581.0000000 7150
240119 133000 2581.4000000 2581.4000000 2576.0000000 2579.0000000 13936
240119 140000 2579.0000000 2580.0000000 2573.4000000 2573.4000000 14865
240119 143000 2573.2000000 2577.2000000 2563.0000000 2567.8000000 19162
240119 150000 2567.8000000 2571.4000000 2560.0000000 2570.4000000 44701
240119 153000 2570.6000000 2570.8000000 2561.6000000 2563.8000000 14590
240119 160000 2563.8000000 2568.0000000 2562.4000000 2565.0000000 14843
240119 163000 2565.0000000 2578.6000000 2565.0000000 2573.8000000 24107
240119 170000 2573.8000000 2574.0000000 2567.2000000 2571.4000000 17410
240119 173000 2571.8000000 2580.0000000 2569.2000000 2580.0000000 15867
240119 180000 2580.0000000 2586.4000000 2575.0000000 2577.8000000 30089
240119 183000 2578.6000000 2579.0000000 2570.4000000 2570.4000000 13634
240119 190000 2570.4000000 2579.0000000 2569.8000000 2574.0000000 8150
240119 193000 2574.6000000 2579.0000000 2574.6000000 2576.2000000 3500
240119 200000 2576.4000000 2576.6000000 2567.0000000 2570.2000000 14358
240119 203000 2570.2000000 2573.2000000 2569.6000000 2572.4000000 2237
240119 210000 2573.0000000 2573.4000000 2570.6000000 2573.4000000 3463
240119 213000 2572.6000000 2573.0000000 2569.2000000 2572.0000000 6854
240119 220000 2572.0000000 2572.2000000 2563.4000000 2565.2000000 10104
240119 223000 2564.2000000 2565.4000000 2550.0000000 2560.0000000 46700
240119 230000 2560.0000000 2570.0000000 2559.2000000 2563.0000000 14873
240119 233000 2561.4000000 2570.0000000 2561.0000000 2569.8000000 7064
240122 100000 2572.8000000 2575.2000000 2551.0000000 2560.0000000 66392
240122 103000 2559.4000000 2589.0000000 2559.2000000 2579.4000000 58264
240122 110000 2579.4000000 2581.6000000 2572.6000000 2580.0000000 19446
240122 113000 2580.0000000 2585.0000000 2578.8000000 2581.6000000 15911
240122 120000 2581.6000000 2599.8000000 2580.8000000 2594.0000000 54349
240122 123000 2594.6000000 2595.0000000 2590.6000000 2591.4000000 16438
240122 130000 2592.0000000 2615.0000000 2591.2000000 2610.4000000 62029
240122 133000 2610.4000000 2615.4000000 2608.0000000 2611.6000000 22131
240122 140000 2611.6000000 2612.0000000 2598.2000000 2598.6000000 34617
240122 143000 2598.2000000 2610.0000000 2594.2000000 2608.4000000 32920
240122 150000 2609.0000000 2610.0000000 2600.0000000 2603.4000000 31425
240122 153000 2604.4000000 2605.0000000 2594.6000000 2598.4000000 20285
240122 160000 2598.4000000 2598.4000000 2593.0000000 2595.0000000 9681
240122 163000 2594.6000000 2595.0000000 2582.2000000 2588.0000000 23979
240122 170000 2588.6000000 2596.0000000 2588.0000000 2592.0000000 14369
240122 173000 2592.2000000 2598.8000000 2588.0000000 2596.8000000 14532
240122 180000 2596.8000000 2599.0000000 2593.2000000 2597.8000000 10409
240122 183000 2597.8000000 2599.2000000 2596.0000000 2599.0000000 4667
240122 190000 2592.2000000 2599.6000000 2592.2000000 2598.8000000 4117
240122 193000 2598.8000000 2599.0000000 2595.0000000 2597.6000000 4175
240122 200000 2597.6000000 2597.6000000 2595.0000000 2596.2000000 3730
240122 203000 2596.2000000 2596.6000000 2589.0000000 2591.0000000 8752
240122 210000 2590.8000000 2597.2000000 2590.2000000 2597.0000000 4836
240122 213000 2596.4000000 2597.2000000 2595.4000000 2597.0000000 3113
240122 220000 2596.8000000 2600.4000000 2596.8000000 2599.0000000 6677
240122 223000 2598.2000000 2601.0000000 2598.2000000 2600.6000000 3217
240122 230000 2600.4000000 2600.6000000 2597.4000000 2599.4000000 2687
240122 233000 2599.2000000 2603.0000000 2598.4000000 2601.0000000 3931
240123 100000 2661.0000000 2690.0000000 2638.8000000 2642.0000000 656255
240123 103000 2643.0000000 2649.0000000 2620.0000000 2632.6000000 204262
240123 110000 2632.4000000 2644.0000000 2630.0000000 2640.0000000 100442
240123 113000 2640.0000000 2640.0000000 2622.4000000 2629.8000000 66188
240123 120000 2629.2000000 2639.8000000 2625.8000000 2637.0000000 55648
240123 123000 2637.0000000 2638.2000000 2626.0000000 2630.6000000 28125
240123 130000 2630.2000000 2637.0000000 2626.0000000 2632.6000000 29778
240123 133000 2632.6000000 2636.2000000 2626.0000000 2626.8000000 39843
240123 140000 2627.2000000 2629.6000000 2620.6000000 2624.4000000 37896
240123 143000 2624.4000000 2635.0000000 2616.2000000 2626.6000000 79791
240123 150000 2626.4000000 2628.2000000 2618.2000000 2625.2000000 29012
240123 153000 2625.2000000 2626.8000000 2612.2000000 2622.2000000 62073
240123 160000 2622.2000000 2627.2000000 2616.0000000 2617.8000000 34630
240123 163000 2618.0000000 2622.8000000 2616.0000000 2618.6000000 20621
240123 170000 2618.6000000 2622.0000000 2613.0000000 2618.2000000 28867
240123 173000 2618.2000000 2618.8000000 2614.8000000 2616.0000000 14414
240123 180000 2616.0000000 2621.2000000 2615.0000000 2615.2000000 24629
240123 183000 2615.6000000 2618.2000000 2615.2000000 2618.2000000 8004
240123 190000 2612.4000000 2627.0000000 2612.4000000 2623.2000000 16287
240123 193000 2623.2000000 2625.0000000 2620.4000000 2621.0000000 7718
240123 200000 2621.0000000 2626.0000000 2620.0000000 2624.6000000 6567
240123 203000 2625.0000000 2630.0000000 2624.4000000 2629.8000000 12292
240123 210000 2629.8000000 2629.8000000 2622.0000000 2623.0000000 10383
240123 213000 2623.0000000 2629.6000000 2623.0000000 2629.4000000 5539
240123 220000 2628.6000000 2630.0000000 2627.8000000 2629.8000000 5424
240123 223000 2630.0000000 2631.8000000 2629.6000000 2630.8000000 5429
240123 230000 2630.8000000 2633.4000000 2629.8000000 2631.2000000 9274
240123 233000 2630.2000000 2635.4000000 2629.8000000 2635.4000000 5836
240124 100000 2636.0000000 2636.0000000 2615.0000000 2617.8000000 84779
240124 103000 2617.4000000 2633.8000000 2617.2000000 2632.2000000 40832
240124 110000 2632.0000000 2637.6000000 2624.4000000 2629.0000000 32904
240124 113000 2629.0000000 2649.0000000 2629.0000000 2645.6000000 113537
240124 120000 2645.6000000 2658.8000000 2642.0000000 2654.0000000 92654
240124 123000 2654.0000000 2657.8000000 2640.6000000 2641.2000000 52667
240124 130000 2642.2000000 2655.0000000 2635.4000000 2655.0000000 54311
240124 133000 2654.8000000 2655.0000000 2643.0000000 2644.0000000 34073
240124 140000 2643.8000000 2649.0000000 2630.4000000 2637.6000000 41793
240124 143000 2638.4000000 2640.2000000 2633.0000000 2637.8000000 25516
240124 150000 2638.0000000 2640.4000000 2634.6000000 2640.0000000 23301
240124 153000 2640.0000000 2644.4000000 2638.6000000 2640.2000000 26174
240124 160000 2640.4000000 2642.4000000 2638.2000000 2640.2000000 12833
240124 163000 2640.2000000 2647.2000000 2639.0000000 2647.2000000 26065
240124 170000 2647.2000000 2654.8000000 2642.4000000 2652.6000000 38725
240124 173000 2652.4000000 2653.2000000 2647.2000000 2648.4000000 28648
240124 180000 2648.2000000 2648.8000000 2646.4000000 2647.4000000 9339
240124 183000 2647.4000000 2647.6000000 2642.0000000 2642.0000000 37571
240124 190000 2643.0000000 2644.4000000 2640.0000000 2642.2000000 4107
240124 193000 2642.4000000 2643.0000000 2642.2000000 2643.0000000 5884
240124 200000 2643.2000000 2646.8000000 2643.2000000 2646.8000000 3164
240124 203000 2646.8000000 2646.8000000 2645.0000000 2645.6000000 2104
240124 210000 2645.4000000 2645.6000000 2644.0000000 2644.0000000 2862
240124 213000 2644.0000000 2644.4000000 2642.4000000 2642.8000000 4719
240124 220000 2642.8000000 2645.6000000 2642.4000000 2645.2000000 6487
240124 223000 2645.6000000 2648.4000000 2645.2000000 2645.8000000 4805
240124 230000 2645.6000000 2648.0000000 2645.2000000 2646.0000000 2812
240124 233000 2646.0000000 2647.0000000 2645.6000000 2645.8000000 3459
240125 100000 2651.0000000 2670.0000000 2633.6000000 2665.0000000 128782
240125 103000 2665.4000000 2666.2000000 2649.0000000 2657.4000000 77972
240125 110000 2657.2000000 2668.0000000 2657.0000000 2668.0000000 61020
240125 113000 2668.0000000 2677.0000000 2663.8000000 2670.0000000 105897
240125 120000 2668.6000000 2676.2000000 2663.8000000 2673.4000000 62429
240125 123000 2673.4000000 2678.0000000 2668.0000000 2674.2000000 46166
240125 130000 2674.4000000 2675.8000000 2670.0000000 2671.0000000 29030
240125 133000 2671.4000000 2672.0000000 2666.0000000 2668.0000000 43794
240125 140000 2668.0000000 2682.2000000 2666.2000000 2677.4000000 70940
240125 143000 2677.6000000 2679.0000000 2672.2000000 2673.4000000 30678
240125 150000 2672.6000000 2676.6000000 2670.2000000 2670.2000000 17262
240125 153000 2671.0000000 2674.4000000 2670.0000000 2674.2000000 16241
240125 160000 2674.0000000 2676.0000000 2671.2000000 2671.2000000 21046
240125 163000 2671.2000000 2682.6000000 2670.2000000 2678.6000000 60452
240125 170000 2679.0000000 2689.0000000 2678.8000000 2687.8000000 67599
240125 173000 2688.0000000 2695.6000000 2683.4000000 2695.4000000 102465
240125 180000 2695.2000000 2759.0000000 2695.0000000 2752.6000000 638719
240125 183000 2753.0000000 2784.2000000 2752.0000000 2765.0000000 314681
240125 190000 2765.0000000 2798.0000000 2750.2000000 2762.0000000 327195
240125 193000 2762.0000000 2778.0000000 2760.0000000 2775.0000000 145416
240125 200000 2775.0000000 2777.8000000 2767.8000000 2773.2000000 59669
240125 203000 2773.2000000 2778.0000000 2750.0000000 2759.4000000 101747
240125 210000 2759.6000000 2765.0000000 2744.4000000 2758.0000000 100616
240125 213000 2759.0000000 2763.0000000 2755.0000000 2762.6000000 29042
240125 220000 2761.8000000 2777.6000000 2761.6000000 2775.2000000 55735
240125 223000 2775.0000000 2775.8000000 2771.0000000 2772.0000000 18979
240125 230000 2772.0000000 2774.0000000 2764.0000000 2770.8000000 28057
240125 233000 2771.4000000 2779.0000000 2770.6000000 2779.0000000 31898
240126 100000 2789.2000000 2864.4000000 2778.8000000 2853.2000000 994620
240126 103000 2851.6000000 2883.0000000 2838.6000000 2853.6000000 712359
240126 110000 2853.6000000 2857.6000000 2827.0000000 2837.0000000 281512
240126 113000 2837.0000000 2866.4000000 2836.8000000 2856.0000000 190279
240126 120000 2857.0000000 2864.2000000 2838.8000000 2841.0000000 149479
240126 123000 2841.2000000 2856.2000000 2841.0000000 2848.0000000 87547
240126 130000 2848.0000000 2863.0000000 2845.0000000 2861.8000000 76760
240126 133000 2861.4000000 2862.4000000 2848.2000000 2857.0000000 102112
240126 140000 2857.2000000 2887.4000000 2856.0000000 2881.0000000 258899
240126 143000 2880.8000000 2895.0000000 2872.0000000 2881.0000000 243424
240126 150000 2881.0000000 2892.4000000 2869.2000000 2874.2000000 151266
240126 153000 2874.6000000 2877.4000000 2845.2000000 2852.2000000 159689
240126 160000 2851.6000000 2870.0000000 2841.2000000 2862.2000000 123847
240126 163000 2862.0000000 2874.2000000 2852.8000000 2857.0000000 89476
240126 170000 2857.8000000 2862.6000000 2851.0000000 2858.6000000 59448
240126 173000 2859.0000000 2860.8000000 2854.8000000 2858.6000000 29835
240126 180000 2858.6000000 2869.2000000 2858.0000000 2863.6000000 61337
240126 183000 2863.4000000 2877.4000000 2863.4000000 2877.4000000 75914
240126 190000 2872.8000000 2874.4000000 2850.4000000 2860.0000000 58344
240126 193000 2860.0000000 2863.6000000 2857.0000000 2862.8000000 18412
240126 200000 2862.8000000 2864.2000000 2857.0000000 2863.0000000 24236
240126 203000 2863.0000000 2866.0000000 2859.8000000 2862.8000000 18346
240126 210000 2862.8000000 2863.6000000 2857.2000000 2857.4000000 13311
240126 213000 2857.4000000 2860.0000000 2857.0000000 2858.8000000 20224
240126 220000 2858.8000000 2862.6000000 2858.0000000 2862.0000000 11188
240126 223000 2861.4000000 2863.8000000 2858.0000000 2863.8000000 16769
240126 230000 2864.0000000 2874.0000000 2863.0000000 2868.2000000 39586
240126 233000 2867.2000000 2880.0000000 2866.6000000 2873.0000000 61771
